2 0.051923076562500003 0.5147392296875 0.0615384609375 0.51020408125 0.0730769234375 0.4920634921875 0.0730769234375 0.4058956921875 0.040384615624999995 0.3877551015625 0.01923076875 0.4308390015625 0.0269230765625 0.4421768703125 0.0173076921875 0.47392290312499996 0.0230769234375 0.5034013609375 0.051923076562500003 0.5147392296875
2 0.11730769218749999 0.4376417234375 0.13269230781250002 0.4421768703125 0.15576923125 0.42403628125 0.146153846875 0.38321995468750003 0.1615384609375 0.33786848125 0.1480769234375 0.3174603171875 0.1269230765625 0.3174603171875 0.1115384609375 0.34240362812499997 0.1115384609375 0.35827664375 0.121153846875 0.3696145125 0.10576923125 0.41950113437500003 0.11730769218749999 0.4376417234375
2 0.23461538437499999 0.385487528125 0.23076923124999998 0.3287981859375 0.21730769218749998 0.3174603171875 0.2 0.3174603171875 0.18653846093749998 0.3287981859375 0.18653846093749998 0.4036281171875 0.19615384687499998 0.41950113437500003 0.21730769218749998 0.41950113437500003 0.23461538437499999 0.385487528125
2 0.16923076875 0.700680271875 0.184615384375 0.6802721093749999 0.20192307656250003 0.6825396828125 0.225 0.66213151875 0.23076923124999998 0.637188209375 0.2230769234375 0.61904761875 0.23076923124999998 0.5873015875 0.24615384687500003 0.5714285718750001 0.269440384375 0.6365147390625 0.299275 0.6255215421875 0.311396153125 0.5958390015624999 0.3039365390625 0.572752834375 0.27692307656250004 0.56462585 0.2884615390625 0.5419501140625 0.2884615390625 0.52154195 0.271153846875 0.4920634921875 0.2134615390625 0.46031746093750003 0.15 0.4875283453125 0.1384615390625 0.5056689343749999 0.1423076921875 0.537414965625 0.1365384609375 0.55328798125 0.11538461562499999 0.5714285718750001 0.1115384609375 0.5873015875 0.121153846875 0.6394557828125 0.15192307656249998 0.6961451249999999 0.16923076875 0.700680271875
2 0 0.634920634375 0.021709615625 0.63873469375 0.035148076562500005 0.6228888890625 0.042384615625 0.6033854875 0.037215384375 0.589977325 0.032046153125 0.5741292515625 0 0.56462585 0 0.634920634375
2 0.38663076875 0.552188209375 0.39423076875 0.5170068031249999 0.3826923078125 0.5011337874999999 0.35961538437499996 0.4965986390625 0.3423076921875 0.5056689343749999 0.3384615390625 0.5419501140625 0.3519230765625 0.560090703125 0.3721576921875 0.5546258500000001 0.38663076875 0.552188209375
2 0.46923076874999997 0.526077096875 0.49230769218750003 0.52154195 0.5403846156250001 0.57596371875 0.5673076921875 0.5714285718750001 0.590384615625 0.5850340140625 0.64423076875 0.53287981875 0.6269230765625 0.47392290312499996 0.628846153125 0.4376417234375 0.5538461531250001 0.39229025 0.5384615390625 0.3877551015625 0.5269230765625 0.3945578234375 0.509615384375 0.428571428125 0.46923076874999997 0.4058956921875 0.45 0.4058956921875 0.43269230781249995 0.41950113437500003 0.39423076875 0.4058956921875 0.38076923125 0.41723355937499995 0.384615384375 0.45578231249999995 0.4 0.46712018125 0.4076923078125 0.5056689343749999 0.46923076874999997 0.526077096875
2 0.4480769234375 0.560090703125 0.43269230781249995 0.5124716546875 0.4076923078125 0.51020408125 0.4 0.5170068031249999 0.3980769234375 0.5442176875 0.4115384609375 0.5668934234375 0.425 0.57596371875 0.4480769234375 0.560090703125
2 0.4115384609375 0.7369614515625 0.425 0.7573696140624999 0.45 0.7482993203125 0.465384615625 0.7142857140625 0.49615384687499997 0.7505668937500001 0.51923076875 0.7505668937500001 0.5326923078125 0.7369614515625 0.5365384609375 0.7029478453125 0.521153846875 0.6780045343750001 0.5365384609375 0.6712018140625 0.5480769234375 0.6394557828125 0.5326923078125 0.625850340625 0.5115384609375 0.6281179140625001 0.49423076874999994 0.609977325 0.49230769218750003 0.582766440625 0.4769230765625 0.5668934234375 0.378846153125 0.5714285718750001 0.3673076921875 0.5963718828125 0.3673076921875 0.6167800453125001 0.35 0.6326530609375001 0.34423076875 0.646258503125 0.34807692343749996 0.6802721093749999 0.4134615390625 0.7097505671875 0.4115384609375 0.7369614515625
2 0.6788461531250001 0.47845804999999997 0.6865384609375 0.46031746093750003 0.68076923125 0.43537415 0.653846153125 0.42403628125 0.6307692312500001 0.43537415 0.628846153125 0.46712018125 0.64423076875 0.4920634921875 0.659615384375 0.49433106562500007 0.6788461531250001 0.47845804999999997
2 0.715384615625 0.6893424031250001 0.715384615625 0.66439909375 0.7 0.634920634375 0.7096153843749999 0.591836734375 0.690384615625 0.5510204078125 0.6576923078125 0.55328798125 0.64423076875 0.5714285718750001 0.6269230765625 0.580498865625 0.615384615625 0.57596371875 0.596153846875 0.591836734375 0.590384615625 0.6167800453125001 0.6307692312500001 0.6848072562499999 0.6884615390625 0.70748299375 0.715384615625 0.6893424031250001
2 0.775 0.5464852609374999 0.784615384375 0.5351473921875 0.7826923078125 0.51020408125 0.7576923078125 0.45578231249999995 0.7384615390625 0.4376417234375 0.7230769234375 0.4376417234375 0.7096153843749999 0.44897959218750005 0.70576923125 0.4807256234375 0.7230769234375 0.5351473921875 0.746153846875 0.55328798125 0.775 0.5464852609374999
2 0.8403846156249999 0.462585034375 0.85 0.4693877546875 0.85 0.4852607703125 0.8615384609375001 0.5011337874999999 0.9019230765625 0.49433106562500007 0.921153846875 0.44444444375 0.93076923125 0.38321995468750003 0.9326923078125 0.319727890625 0.9269230765625001 0.30612244843749997 0.9115384609375001 0.29478458125 0.8923076921875 0.299319728125 0.8519230765625 0.34467120156250003 0.8519230765625 0.3718820859375 0.7903846156250001 0.4376417234375 0.7903846156250001 0.46485260781250004 0.8038461531250001 0.4807256234375 0.825 0.4807256234375 0.8403846156249999 0.462585034375
2 0.996153846875 0.3945578234375 0.9980769234375 0.36734693906250004 0.975 0.3492063484375 0.953846153125 0.353741496875 0.9423076921875 0.3696145125 0.9423076921875 0.3945578234375 0.959615384375 0.4149659859375 0.9730769234375 0.4149659859375 0.996153846875 0.3945578234375
2 0.9980769234375 0.4875283453125 0.98076923125 0.4852607703125 0.959615384375 0.5011337874999999 0.9576923078125 0.5238095234375 0.9692307687499999 0.5464852609374999 0.9980769234375 0.5419501140625 0.9980769234375 0.4875283453125
2 0.9980769234375 0.6712018140625 0.9980769234375 0.59863945625 0.9865384609375001 0.6009070296875 0.95 0.57596371875 0.925 0.5850340140625 0.921153846875 0.61904761875 0.9326923078125 0.6780045343750001 0.9615384609375001 0.6938775515625 0.9980769234375 0.6712018140625
2 0.753846153125 0.743764171875 0.7923076921875001 0.739229025 0.8019230765625001 0.7505668937500001 0.81923076875 0.7505668937500001 0.875 0.700680271875 0.9076923078125001 0.7029478453125 0.925 0.6893424031250001 0.925 0.657596371875 0.9096153843750001 0.64172335625 0.896153846875 0.6077097499999999 0.871153846875 0.5963718828125 0.85576923125 0.5464852609374999 0.8365384609375001 0.5124716546875 0.81923076875 0.5011337874999999 0.7980769234375 0.51020408125 0.7173076921875 0.61904761875 0.7173076921875 0.646258503125 0.7519230765625 0.668934240625 0.7423076921875 0.712018140625 0.753846153125 0.743764171875
2 0.3923076921875 0.30385487499999997 0.3884615390625 0.28571428593750003 0.3730769234375 0.276643990625 0.35 0.29478458125 0.35 0.3083900234375 0.3615384609375 0.319727890625 0.3826923078125 0.3174603171875 0.3923076921875 0.30385487499999997
2 0.3019230765625 0.8208616781250001 0.3019230765625 0.7959183671875001 0.2826923078125 0.777777778125 0.24807692343749999 0.777777778125 0.24038461562500002 0.789115646875 0.2365384609375 0.81632653125 0.259615384375 0.841269840625 0.278846153125 0.841269840625 0.3019230765625 0.8208616781250001
2 0.07115384687500001 0.8072562359375001 0.07115384687500001 0.7687074828125 0.0634615390625 0.7482993203125 0.0134615390625 0.77097505625 0.015384615625 0.7959183671875001 0.03076923125 0.8185941046874999 0.055769231249999995 0.8185941046874999 0.07115384687500001 0.8072562359375001
2 0.7423076921875 0.8344671203124999 0.7423076921875 0.809523809375 0.7192307687499999 0.7800453515625 0.6788461531250001 0.7755102046875 0.6615384609375 0.7913832203125 0.6576923078125 0.81632653125 0.6730769234375 0.8344671203124999 0.7115384609375 0.8526077093750001 0.7423076921875 0.8344671203124999
2 0.5865384609375 0.8526077093750001 0.5634615390625 0.8480725625 0.55 0.8548752828125 0.546153846875 0.8798185937499999 0.5615384609375 0.9002267578125001 0.5884615390625 0.8911564625 0.5865384609375 0.8526077093750001
2 0.8269230765625 0.90249433125 0.8230769234374999 0.886621315625 0.8038461531250001 0.875283446875 0.778846153125 0.8820861671875001 0.778846153125 0.90249433125 0.796153846875 0.92290249375 0.815384615625 0.918367346875 0.8269230765625 0.90249433125