2 0.20416666718749998 0.130625 0.1883333328125 0.12625 0.18416666718750002 0.13187500000000002 0.1858333328125 0.145625 0.1975 0.14750000000000002 0.2033333328125 0.145 0.20416666718749998 0.130625
2 0.35 0.1 0.3375 0.09375 0.3341666671875 0.09812499999999999 0.3325 0.105625 0.3416666671875 0.113125 0.35 0.108125 0.35 0.1
2 0.36833333281249997 0.134375 0.36583333281249997 0.12562500000000001 0.3608333328125 0.123125 0.3516666671875 0.125 0.3508333328125 0.134375 0.35583333281249996 0.1375 0.3641666671875 0.1375 0.36833333281249997 0.134375
2 0.5483333328125 0.153125 0.5483333328125 0.14750000000000002 0.5391666671875 0.14125000000000001 0.5316666671875 0.143125 0.5333333328125 0.15562499999999999 0.5366666671875 0.16 0.5416666671875 0.16 0.5483333328125 0.153125
2 0.5333333328125 0.081875 0.5333333328125 0.074375 0.5258333328125 0.06875 0.5158333328125 0.06999999999999999 0.515 0.08499999999999999 0.5208333328125 0.08937500000000001 0.5258333328125 0.08875 0.5333333328125 0.081875
2 0.1266666671875 0.22000000000000003 0.1233333328125 0.21437499999999998 0.11333333281249999 0.21187499999999998 0.10833333281249999 0.215625 0.1116666671875 0.220625 0.1208333328125 0.2225 0.1266666671875 0.22000000000000003
2 0.2725 0.2975 0.2633333328125 0.29562499999999997 0.2608333328125 0.29874999999999996 0.265 0.3025 0.2791666671875 0.30625 0.2725 0.2975
2 0.41500000000000004 0.34875 0.40833333281249995 0.344375 0.3983333328125 0.343125 0.3875 0.35375 0.3883333328125 0.365625 0.4058333328125 0.365625 0.41166666718749995 0.36124999999999996 0.41500000000000004 0.34875
2 0.3991666671875 0.393125 0.395 0.38375 0.3891666671875 0.380625 0.3808333328125 0.381875 0.3741666671875 0.38875000000000004 0.37333333281250003 0.399375 0.3791666671875 0.401875 0.39416666718750004 0.39875 0.3991666671875 0.393125
2 0.48333333281249996 0.433125 0.4916666671875 0.42374999999999996 0.48333333281249996 0.40812499999999996 0.4716666671875 0.401875 0.45499999999999996 0.40625 0.4516666671875 0.415625 0.46666666718750005 0.43125 0.47416666718749995 0.434375 0.48333333281249996 0.433125
2 0.5016666671875 0.47437500000000005 0.5 0.4575 0.4875 0.45562500000000006 0.47750000000000004 0.459375 0.47583333281250006 0.468125 0.48 0.4725 0.4891666671875 0.475 0.5016666671875 0.47437500000000005
2 0.39249999999999996 0.45875000000000005 0.40499999999999997 0.45499999999999996 0.40833333281249995 0.446875 0.3975 0.42125 0.3908333328125 0.41875 0.3825 0.4225 0.3791666671875 0.426875 0.3791666671875 0.43562500000000004 0.3883333328125 0.464375 0.39249999999999996 0.45875000000000005
2 0.33999999999999997 0.45437500000000003 0.3463208328125 0.45981625 0.34718583281250004 0.46759874999999995 0.3545358328125 0.471165625 0.3541033328125 0.47862375 0.3605891671875 0.48413625 0.3869633328125 0.48056937499999997 0.3878275 0.47149 0.374425 0.46403125 0.3757216671875 0.45624875 0.365 0.44125 0.34750000000000003 0.43125 0.3333333328125 0.42874999999999996 0.325 0.43499999999999994 0.3275 0.446875 0.32999999999999996 0.45062499999999994 0.33999999999999997 0.45437500000000003
2 0.2991666671875 0.405625 0.3076158328125 0.4061025 0.3059616671875 0.41602562499999995 0.31083333281250003 0.41875 0.3266666671875 0.425 0.3283333328125 0.42312500000000003 0.3233333328125 0.4175 0.3241541671875 0.41304875 0.3367233328125 0.414536875 0.33166666718750004 0.409375 0.3241666671875 0.40437500000000004 0.31416666718749997 0.381875 0.3023233328125 0.3686425 0.29537749999999996 0.36641 0.28500000000000003 0.366875 0.2833333328125 0.37687499999999996 0.2996775 0.394690625 0.2960391671875 0.401636875 0.2991666671875 0.405625
2 0.4375 0.555625 0.4233333328125 0.545 0.4183333328125 0.54625 0.4166666671875 0.55375 0.41916666718749995 0.560625 0.4338166671875 0.564376875 0.4375 0.555625
2 0.45499999999999996 0.568125 0.4425 0.56375 0.43833333281250003 0.569375 0.4408333328125 0.57875 0.45416666718750004 0.5825 0.459335 0.57327875 0.45499999999999996 0.568125
2 0.5383333328125001 0.6068749999999999 0.5325 0.595625 0.5175 0.58875 0.5075000000000001 0.590625 0.5008333328125001 0.596875 0.5 0.60375 0.5108333328125 0.6125 0.5225 0.6131249999999999 0.5383333328125001 0.6068749999999999
2 0.7416666671875001 0.54875 0.7424999999999999 0.54375 0.7325 0.5349999999999999 0.7266666671875 0.53625 0.725 0.55 0.7258333328125001 0.5525 0.7316666671875 0.55375 0.7416666671875001 0.54875
2 0.7591666671875 0.453125 0.7491666671874999 0.469375 0.7474999999999999 0.47750000000000004 0.7633333328125 0.47062499999999996 0.7625 0.458125 0.7591666671875 0.453125
2 0.6908333328125 0.37 0.6833333328125 0.365625 0.6766666671875 0.366875 0.6775 0.38125 0.6849999999999999 0.385625 0.6904383328125 0.381138125 0.6908333328125 0.37
2 0.025 0.41937499999999994 0.0441666671875 0.416875 0.055833332812500004 0.425 0.0666666671875 0.42374999999999996 0.041010000000000005 0.41253875000000007 0.0016666671875 0.398125 0 0.4025 0.0041666671875 0.40750000000000003 0.02 0.41312499999999996 0.025 0.41937499999999994