2 0.94609375 0.3400637625 0.94296875 0.33368756718750003 0.93203125 0.32943676875 0.9140625 0.3506907546875 0.9125 0.361317746875 0.925 0.370882040625 0.94453125 0.352816153125 0.94609375 0.3400637625
2 0.8859375 0.424017003125 0.8859375 0.4091392140625 0.88046875 0.40701381562499994 0.8765625 0.396386821875 0.8640625 0.3953241234375 0.85859375 0.40382571718750004 0.8578125 0.41551540937500003 0.86484375 0.42082890468749995 0.8765625 0.4282678 0.8859375 0.424017003125
2 0.91484375 0.45589798125 0.903125 0.4527098828125 0.89765625 0.463336875 0.89921875 0.47502656718749997 0.909375 0.47715196562499995 0.91328125 0.47183847031250004 0.91484375 0.45589798125
2 0.8671875 0.4899043578125 0.871875 0.4803400640625 0.87109375 0.46971307187500005 0.865625 0.4622741765625 0.86015625 0.4622741765625 0.84609375 0.47290116875 0.84453125 0.4803400640625 0.84765625 0.4888416578125 0.85703125 0.49628055312499997 0.8671875 0.4899043578125
2 0.667796875 0.4860924546875 0.67596875 0.4969606796875 0.6864703125 0.48417959687499995 0.69420859375 0.4932019125 0.70636796875 0.4901944734375 0.71686953125 0.49996811875 0.72681875 0.484930925 0.7328984375 0.4826758765625 0.7456109375 0.500719446875 0.77265625 0.49628055312499997 0.77890625 0.49096705625 0.79453125 0.49521785312500005 0.8046875 0.48565355937500004 0.80859375 0.47396386875 0.8046875 0.46014877812500005 0.79375 0.45802337968750007 0.7890625 0.44102019062500003 0.7640625 0.4314558984375 0.7546875 0.43889479218750005 0.74140625 0.43464399531250003 0.71640625 0.4495217859375 0.70173828125 0.44893198749999996 0.695115625 0.4399234859375 0.68515625 0.43676939375 0.6765625 0.4431455890625 0.68125 0.46014877812500005 0.67734375 0.47396386875 0.66953125 0.47715196562499995 0.667796875 0.4860924546875
2 0.61171875 0.4941551546875 0.61796875 0.49946865 0.63046875 0.4941551546875 0.634375 0.4984059515625 0.64296875 0.4984059515625 0.6515625 0.4888416578125 0.653125 0.47290116875 0.64296875 0.45589798125 0.6359375 0.459086078125 0.6109375 0.4357066953125 0.59921875 0.4463336875 0.60703125 0.4612114765625 0.59609375 0.48140276249999997 0.59921875 0.49309245468749996 0.61171875 0.4941551546875
2 0.6768203125000001 0.47221041406250003 0.6796875 0.46014877812500005 0.6734375 0.4272051015625 0.67734375 0.41976620625 0.67734375 0.40701381562499994 0.6640625 0.397449521875 0.65 0.4091392140625 0.6421875 0.4272051015625 0.6421875 0.459086078125 0.65390625 0.47821466562500003 0.6675671875 0.4787375140625 0.6768203125000001 0.47221041406250003
2 0.03359375 0.513283740625 0.046875 0.49628055312499997 0.03828125 0.4899043578125 0.025 0.4877789578125 0.0171875 0.4941551546875 0.01015625 0.5069075453125 0.01171875 0.522848034375 0.0234375 0.5281615296875 0.02890625 0.5249734328125 0.03359375 0.513283740625
2 0.1015625 0.5249734328125 0.0890625 0.5154091390625 0.0765625 0.5207226359375 0.06328125 0.5175345375 0.05703125 0.5239107328125 0.05546875 0.5356004249999999 0.0640625 0.5451647187499999 0.0953125 0.539851221875 0.1015625 0.5249734328125
2 0.12734375 0.48671625937499996 0.1234375 0.47821466562500003 0.11953125 0.47715196562499995 0.10703125 0.47821466562500003 0.103125 0.48565355937500004 0.10390625 0.49734325156250003 0.11328125 0.503719446875 0.12265625 0.5005313499999999 0.12734375 0.48671625937499996
2 0.15703125 0.49734325156250003 0.15859375 0.4899043578125 0.15546875 0.4760892671875 0.14609375 0.47183847031250004 0.1359375 0.4824654625 0.13515625 0.49946865 0.13828125 0.504782146875 0.14921875 0.503719446875 0.15703125 0.49734325156250003
2 0.203125 0.5239107328125 0.21953125 0.5175345375 0.2265625 0.522848034375 0.25 0.5239107328125 0.2625 0.5090329437500001 0.27421875 0.5207226359375 0.28125 0.5175345375 0.35 0.5175345375 0.36484375 0.521785334375 0.3734375 0.5164718390624999 0.384375 0.522848034375 0.415625 0.5058448453125 0.42734375 0.5058448453125 0.4375 0.5122210421875 0.44609375 0.5090329437500001 0.44921875 0.504782146875 0.44921875 0.4877789578125 0.45859375 0.47715196562499995 0.45859375 0.468650371875 0.4546875 0.4537725828125 0.44375 0.4569606796875 0.4234375 0.4495217859375 0.41953125 0.4495217859375 0.41328125 0.45802337968750007 0.38515625 0.45058448437500004 0.35625 0.4495217859375 0.340625 0.4569606796875 0.325 0.45164718437499995 0.24921875 0.45058448437500004 0.21953125 0.459086078125 0.20859375 0.4665249734375 0.1921875 0.464399575 0.18515625 0.47183847031250004 0.18359375 0.4803400640625 0.175 0.49309245468749996 0.16953125 0.49096705625 0.16171875 0.5005313499999999 0.1625 0.5154091390625 0.16953125 0.5207226359375 0.19140625 0.514346440625 0.203125 0.5239107328125
2 0.51171875 0.503719446875 0.5171875 0.49202975625 0.51796875 0.48140276249999997 0.5109375 0.46971307187500005 0.49921875 0.468650371875 0.45859375 0.47821466562500003 0.446875 0.4877789578125 0.44609375 0.49734325156250003 0.45 0.5090329437500001 0.478125 0.514346440625 0.51171875 0.503719446875