2 0.3390625 0.4854586125 0.353125 0.3467561515625 0.353125 0.2863534671875 0.3453125 0.2595078296875 0.3140625 0.248322146875 0.3125 0.22818791875 0.2890625 0.20805369062499998 0.2421875 0.20357941875000002 0.1796875 0.22818791875 0.14375 0.2863534671875 0.1265625 0.351230425 0.125 0.41834451875 0.1625 0.48098434062499995 0.24375 0.5145413875 0.3390625 0.4854586125
2 0.446875 0.5592841156249999 0.4859375 0.572706934375 0.509375 0.5704697984375 0.525 0.5592841156249999 0.571875 0.4899328859375 0.596875 0.43400447499999995 0.596875 0.41163310937500003 0.5875 0.3937360171875 0.5921875 0.3400447421875 0.56875 0.2930648765625 0.5328125 0.3288590609375 0.515625 0.32662192343749996 0.4984375 0.31096196875 0.475 0.3131991046875 0.465625 0.2953020140625 0.4484375 0.2863534671875 0.4 0.29753915000000003 0.3953125 0.31096196875 0.3734375 0.3243847875 0.34375 0.4496644296875 0.34375 0.47203579375000004 0.3640625 0.4966442953125 0.3921875 0.5033557046875 0.446875 0.5592841156249999
2 0.059375 0.5592841156249999 0.071875 0.45413870312500004 0.0578125 0.42058165625 0.05625 0.37360178906249997 0.028125 0.3288590609375 0.0171875 0.32662192343749996 0.0140625 0.3131991046875 0.003125 0.3131991046875 0 0.6375838921875 0.0171875 0.6375838921875 0.0375 0.6219239375 0.059375 0.5592841156249999
2 0.153125 0.8008948546875001 0.190625 0.79865771875 0.2046875 0.7874720359375 0.2125 0.7740492171875 0.2140625 0.751677853125 0.2015625 0.6733780765625 0.2109375 0.6375838921875 0.1984375 0.5369127515625001 0.184375 0.5100671140624999 0.153125 0.494407159375 0.1203125 0.49888143124999995 0.0953125 0.51230425 0.0734375 0.5369127515625001 0.0625 0.574944071875 0.053125 0.6375838921875 0.075 0.7472035796875 0.1046875 0.7807606265625 0.153125 0.8008948546875001
2 0 0.9507829984375 0.1 0.9485458609374999 0.121875 0.9172259515625001 0.1328125 0.87695749375 0.11875 0.843400446875 0.11875 0.8255033562499999 0.1140625 0.8277404921875 0.0859375 0.7829977625 0.0703125 0.7472035796875 0.056790625 0.672480984375 0.040625 0.6532438484374999 0.0265625 0.66219239375 0 0.66219239375 0 0.9507829984375
2 0.228125 0.7539149890625 0.2515625 0.79865771875 0.2875 0.843400446875 0.315625 0.8612975390625 0.3484375 0.8590604031250001 0.3609375 0.843400446875 0.3765625 0.8478747203125 0.375 0.8590604031250001 0.3796875 0.8612975390625 0.4078125 0.8456375843749999 0.421875 0.7807606265625 0.446875 0.762863534375 0.4703125 0.7091722593750001 0.46875 0.6331096203125 0.453125 0.5906040265625 0.4296875 0.5592841156249999 0.3921875 0.5302013421875 0.3265625 0.5033557046875 0.2453125 0.5302013421875 0.228125 0.5436241609375 0.225 0.5682326625 0.221875 0.6308724828125001 0.2234375 0.68903803125 0.23125 0.71588366875 0.228125 0.7539149890625
2 0.5515625 0.66219239375 0.559375 0.7046979859375 0.571875 0.7136465328125 0.575 0.7337807609375 0.590625 0.7449664421875 0.609375 0.7382550328125 0.6203125 0.74272930625 0.6203125 0.751677853125 0.68125 0.7673378078125 0.715625 0.7583892624999999 0.7796875 0.6778523484375001 0.7984375 0.6129753921875001 0.7828125 0.505592840625 0.7671875 0.494407159375 0.7484375 0.4966442953125 0.734375 0.478747203125 0.725 0.48098434062499995 0.7125 0.4563758390625 0.6703125 0.438478746875 0.64375 0.44071588437500003 0.6 0.46979865781249996 0.5703125 0.50111856875 0.5546875 0.541387025 0.5421875 0.5861297546875 0.5578125 0.6263982109375 0.559375 0.6465324390625 0.5515625 0.66219239375
2 0.746875 0.44071588437500003 0.746875 0.45413870312500004 0.759375 0.45413870312500004 0.7703125 0.47427293125 0.7890625 0.48322147656250003 0.853125 0.50111856875 0.90625 0.541387025 0.9359375 0.51230425 0.9453125 0.43400447499999995 0.9 0.2930648765625 0.8734375 0.250559284375 0.809375 0.22147650937500002 0.7625 0.22818791875 0.715625 0.290827740625 0.709375 0.3131991046875 0.7078125 0.3758389265625 0.715625 0.4093959734375 0.734375 0.42281879218749996 0.746875 0.44071588437500003
2 0.8953125 0.7852349000000001 0.928125 0.7874720359375 0.9375 0.8098433999999999 0.965625 0.818791946875 0.9984375 0.805369128125 0.9984375 0.565995525 0.98125 0.5637583890625 0.95 0.541387025 0.9375 0.55480984375 0.91875 0.5570469796874999 0.9 0.5973154359375 0.8859375 0.60850111875 0.8765625 0.6510067109375 0.871875 0.7337807609375 0.8796875 0.7472035796875 0.89375 0.751677853125 0.8953125 0.7852349000000001
2 0.534375 0.9217002234375 0.58125 0.926174496875 0.621875 0.90604026875 0.6359375 0.79865771875 0.6 0.778523490625 0.575 0.751677853125 0.525 0.6644295296875 0.509375 0.6644295296875 0.484375 0.6800894859375 0.4859375 0.71588366875 0.465625 0.8143176734375001 0.471875 0.8612975390625 0.534375 0.9217002234375
2 0.834375 0.9507829984375 0.853125 0.9306487703125 0.8421875 0.8903803124999999 0.846875 0.872483221875 0.84375 0.8411633109375 0.8296875 0.8076062640625 0.771875 0.79865771875 0.7625 0.7874720359375 0.75 0.7874720359375 0.7421875 0.79865771875 0.703125 0.7874720359375 0.6953125 0.791946309375 0.690625 0.8098433999999999 0.6578125 0.8098433999999999 0.653125 0.79865771875 0.6390625 0.832214765625 0.6390625 0.9015659953125 0.66875 0.9328859062499999 0.7015625 0.9507829984375 0.834375 0.9507829984375