3 0.081699346875 0.12009803906250001 0.09150326875 0.08823529375 0.09150326875 0.0588235296875 0.078431371875 0.0294117640625 0.0490196078125 0.034313725 0.0359477125 0.0661764703125 0.0359477125 0.1127450984375 0.0473856203125 0.1299019609375 0.063725490625 0.1372549015625 0.081699346875 0.12009803906250001
3 0.12581699375 0.3357843140625 0.11601307187500001 0.3186274515625 0.098039215625 0.31617647031249996 0.071895425 0.3578431375 0.0751633984375 0.40196078437500005 0.1013071890625 0.4068627453125 0.11601307187500001 0.3921568625 0.12581699375 0.3357843140625
3 0.0392156859375 0.4485294125 0.027777778125000003 0.43382352968750004 0.0016339875000000001 0.44117647031249996 0 0.51960784375 0.0228758171875 0.526960784375 0.0392156859375 0.5 0.0392156859375 0.4485294125
3 0.09150326875 0.563725490625 0.09150326875 0.534313725 0.080065359375 0.5171568625 0.0588235296875 0.5171568625 0.045751634375 0.5392156859375 0.042483659374999996 0.57107843125 0.055555556250000006 0.5931372546875 0.07679738593749999 0.590686275 0.09150326875 0.563725490625
3 0.41176470624999995 0.578431371875 0.421568628125 0.5514705875 0.4232026140625 0.5049019609375 0.41176470624999995 0.49264705937500003 0.39379084999999997 0.49509803906250005 0.37254902031250003 0.5171568625 0.367647059375 0.5416666671875 0.3709150328125 0.5686274515624999 0.3986928109375 0.5857843140625 0.41176470624999995 0.578431371875
3 0.45111764687499994 0.6561200984375 0.45682843125000006 0.623571078125 0.44281045781249995 0.5833333328125 0.43137254843750006 0.580882353125 0.41450326875 0.5880367640624999 0.40196078437500005 0.6078431375 0.3986928109375 0.64460784375 0.41176470624999995 0.6764705875 0.44281045781249995 0.6740196078125 0.45111764687499994 0.6561200984375
3 0.2271241828125 0.1642156859375 0.2254901953125 0.14460784375 0.2124183 0.12745097968750002 0.18954248437500001 0.1299019609375 0.1748366015625 0.1470588234375 0.17320261406249998 0.1764705875 0.19444444375 0.19607843125 0.2140522875 0.1911764703125 0.2271241828125 0.1642156859375
3 0.635620915625 0.1495098046875 0.6388888890625 0.12009803906250001 0.6307189546874999 0.098039215625 0.6094771234375 0.0931372546875 0.5947712421875 0.117647059375 0.5947712421875 0.1495098046875 0.6078431375 0.1740196078125 0.6274509796875 0.1642156859375 0.635620915625 0.1495098046875
3 0.59150326875 0.10294117656249999 0.5767973859375 0.08823529375 0.5588235296875 0.1004901953125 0.5588235296875 0.132352940625 0.571895425 0.1495098046875 0.5866013078125001 0.14215686249999998 0.59150326875 0.10294117656249999
3 0.69771241875 0.0661764703125 0.6830065359375 0.0490196078125 0.6666666671875 0.0686274515625 0.668300653125 0.11519607812499999 0.69607843125 0.12009803906250001 0.7009803921875 0.10294117656249999 0.69771241875 0.0661764703125
3 0.7271241828125 0.1568627453125 0.7271241828125 0.12745097968750002 0.7189542484375 0.1127450984375 0.705882353125 0.1127450984375 0.689542484375 0.134803921875 0.689542484375 0.15931372500000002 0.6993464046875 0.1740196078125 0.7140522875 0.1740196078125 0.7271241828125 0.1568627453125
3 0.5849673203125 0.2254901953125 0.59150326875 0.1985294125 0.5866013078125001 0.1764705875 0.5555555562500001 0.1642156859375 0.542483659375 0.1838235296875 0.542483659375 0.20098039218750002 0.55392156875 0.2254901953125 0.5669934640625 0.23284313750000002 0.5849673203125 0.2254901953125
3 0.6094771234375 0.33823529375 0.6127450984375 0.30882352968750004 0.598039215625 0.2671568625 0.581699346875 0.2549019609375 0.563725490625 0.2794117640625 0.563725490625 0.311274509375 0.578431371875 0.34068627500000004 0.5996732031249999 0.348039215625 0.6094771234375 0.33823529375
3 0.5032679734375 0.38725490156250003 0.50194444375 0.357375 0.49509803906250005 0.34068627500000004 0.4705882359375 0.34068627500000004 0.4673202609375 0.37254902031250003 0.47385620937499995 0.3897058828125 0.489222221875 0.3946740203125 0.5032679734375 0.38725490156250003
3 0.45568300624999997 0.471875 0.46241830000000006 0.4828431375 0.48202614375 0.4828431375 0.49269117656250005 0.471007353125 0.49509803906250005 0.4485294125 0.49346405156250006 0.4240196078125 0.48202614375 0.3970588234375 0.46568627500000004 0.382352940625 0.45336928125 0.386 0.44444444375 0.40196078437500005 0.4389117640625 0.4259019609375 0.44117647031249996 0.44362745156249994 0.4509803921875 0.4509803921875 0.45568300624999997 0.471875
3 0.571895425 0.4828431375 0.5702614374999999 0.44362745156249994 0.5555555562500001 0.4264705875 0.5392156859375 0.4264705875 0.526143790625 0.4509803921875 0.5294117640625 0.5024509796875 0.5408496734375 0.5171568625 0.5588235296875 0.5171568625 0.571895425 0.4828431375
3 0.5310457515625 0.51960784375 0.5245098046875001 0.49264705937500003 0.5049019609375 0.4779411765625 0.48856209218749996 0.49754902031250003 0.491830065625 0.5416666671875 0.4983660125 0.5490196078125 0.51960784375 0.546568628125 0.5310457515625 0.51960784375
3 0.62581699375 0.590686275 0.62418300625 0.544117646875 0.614379084375 0.526960784375 0.58823529375 0.5318627453125 0.580065359375 0.55392156875 0.578431371875 0.5931372546875 0.5849673203125 0.615196078125 0.6029411765625 0.6176470593750001 0.62581699375 0.590686275
3 0.39379084999999997 0.8651960781250001 0.4052287578125 0.828431371875 0.4052287578125 0.8063725484375001 0.3921568625 0.76960784375 0.367647059375 0.7647058828125 0.3513071890625 0.794117646875 0.349673203125 0.83823529375 0.3578431375 0.8725490203125 0.37581699375 0.8799019609375 0.39379084999999997 0.8651960781250001