1 0.884375 0.24012158125 0.8953125 0.23176291718750003 0.890625 0.2203647421875 0.9015625 0.193768996875 0.8984375 0.186930090625 0.8703125 0.1800911859375 0.853125 0.17933130625 0.840625 0.183890578125 0.8296875 0.183890578125 0.8140625 0.194528875 0.8078125 0.217325228125 0.815625 0.22644376875 0.8546875 0.23860182343749997 0.884375 0.24012158125
1 0.9046875 0.370060790625 0.9421875 0.3366261390625 0.9421875 0.32446808437499997 0.9328125 0.314589665625 0.9359375 0.3024316109375 0.8984375 0.29027355625 0.86875 0.29179331249999996 0.8421875 0.29863221875 0.8109375 0.316109421875 0.8109375 0.3267477203125 0.84375 0.361702128125 0.865625 0.37158054687500003 0.9046875 0.370060790625
1 0.878125 0.5607902734375 0.8828125 0.5699088140625 0.878125 0.5843465046875 0.853125 0.5919452890625 0.84375 0.6025835859375 0.8453125 0.611702128125 0.8515625 0.627659575 0.8671875 0.645136778125 0.9125 0.6648936171875001 0.95625 0.6572948328125 0.9640625 0.646656534375 0.9796875 0.63753799375 0.971875 0.604863221875 0.9828125 0.5835866265625 0.9765625 0.5714285718750001 0.975 0.5349544078124999 0.9859375 0.49772036406250003 0.9703125 0.47872340468749996 0.9484375 0.4703647421875 0.93125 0.468844984375 0.915625 0.46808510625000005 0.8875 0.4734042546875 0.86875 0.49012158125000005 0.871875 0.5106382984375 0.8828125 0.5197568390625 0.8890625 0.5463525828125 0.878125 0.5607902734375
1 0.8234375 0.8335866265625 0.8171875 0.8427051671875001 0.7859375 0.8503039515624999 0.778125 0.8579027359375001 0.7671875 0.8609422500000001 0.771875 0.872340425 0.803125 0.8860182375000001 0.86875 0.8822188453124999 0.890625 0.8677811546875001 0.8953125 0.8525835859375 0.9125 0.8320668687499999 0.9390625 0.764437690625 0.94375 0.72644376875 0.9625 0.7044072953125 0.9640625 0.6861702125 0.95 0.6755319156249999 0.9234375 0.6724924015625 0.9109375 0.6656534953125 0.8875 0.6648936171875001 0.878125 0.6694528875 0.8625 0.6816109421875 0.8640625 0.6914893609375 0.8375 0.7302431609375 0.815625 0.7393617015625 0.821875 0.7568389062499999 0.8171875 0.7621580546875 0.8015625 0.764437690625 0.7890625 0.7727963531250001 0.79375 0.7887538000000001 0.790625 0.813069909375 0.821875 0.8282674765625 0.8234375 0.8335866265625
1 0.5109375 0.9627659578125 0.5359375 0.9635258359375 0.5671875 0.9566869296875 0.6140625 0.9544072953124999 0.6421875 0.9399696046875 0.7359375 0.9392097265625001 0.7890625 0.9232522796874999 0.7984375 0.91261398125 0.796875 0.89589665625 0.7875 0.8913373859375 0.778125 0.8981762921875 0.7671875 0.9004559265625 0.7484375 0.9004559265625 0.73125 0.8928571421875 0.69375 0.8996960484375001 0.66875 0.9004559265625 0.634375 0.896656534375 0.6125 0.9072948328124999 0.584375 0.9133738609375 0.525 0.9194528875 0.515625 0.9262917937499999 0.5140625 0.935410334375 0.5 0.9490881453125001 0.5015625 0.958966565625 0.5109375 0.9627659578125
1 0.6109375 0 0.609375 0.013677810937500002 0.621875 0.0288753796875 0.61875 0.033434649999999996 0.6375 0.050151975 0.6421875 0.06610942187499999 0.65 0.07218845 0.6703125 0.12082066875 0.6671875 0.1268996953125 0.6765625 0.1360182375 0.6890625 0.135258359375 0.721875 0.120060790625 0.721875 0.106382978125 0.7109375 0.0934650453125 0.7390625 0.0638297875 0.73125 0.041033434375 0.721875 0.034194528125 0.7203125 0.0250759875 0.709375 0.0197568390625 0.7203125 0.0053191484375 0.71875 0 0.6109375 0
1 0.68125 0.2120060796875 0.6875 0.20060790312500001 0.6859375 0.18844984843749998 0.6640625 0.170212765625 0.6265625 0.1664133734375 0.6140625 0.15881458906249998 0.5890625 0.1732522796875 0.5890625 0.1907294828125 0.6140625 0.2203647421875 0.653125 0.2203647421875 0.68125 0.2120060796875
1 0.609375 0.2940729484375 0.6296875 0.30699088125 0.684375 0.3085106390625 0.69375 0.306231003125 0.6984375 0.291033434375 0.678125 0.243920971875 0.66875 0.23936170156249997 0.6265625 0.23328267500000002 0.5828125 0.2522796359375 0.578125 0.2583586625 0.578125 0.27355623125 0.590625 0.2948328265625 0.5921875 0.29179331249999996 0.609375 0.2940729484375
1 0.6453125 0.37234042500000003 0.6671875 0.3844984796875 0.684375 0.3837386015625 0.7078125 0.3753799390625 0.7234375 0.3495440734375 0.7234375 0.338905775 0.70625 0.3123100296875 0.6921875 0.307750759375 0.6375 0.30699088125 0.5984375 0.3138297875 0.5828125 0.32142857187499996 0.5828125 0.33738601875 0.59375 0.35334346562499996 0.590625 0.36094225 0.6453125 0.37234042500000003
1 0.4328125 0.9361702125000001 0.44375 0.935410334375 0.4609375 0.9232522796874999 0.521875 0.9057750765625 0.528125 0.90121580625 0.5234375 0.8761398171874999 0.5140625 0.872340425 0.509375 0.8632218843749999 0.5109375 0.8275075984375 0.4812265625 0.7994764437499999 0.5006062499999999 0.7884817625 0.545821875 0.7476443765624999 0.532903125 0.71308890625 0.5734375 0.651975684375 0.5828125 0.6428571421875 0.578125 0.62082066875 0.5890625 0.5995440734375 0.590625 0.5767477203125 0.5796875 0.5402735562500001 0.603125 0.532674771875 0.6109375 0.534194528125 0.6265625 0.5182370828125 0.6296875 0.4703647421875 0.609375 0.4612462 0.6109375 0.45668692968749997 0.59375 0.45136778125 0.58125 0.4323708203125 0.5890625 0.42629179375000004 0.578125 0.420212765625 0.5796875 0.403495440625 0.571875 0.40045592656249995 0.571875 0.39589665625000003 0.559375 0.3928571421875 0.5125 0.3920972640625 0.5015625 0.39513677812500003 0.5015625 0.3996960484375 0.4828125 0.411094225 0.4234375 0.557750759375 0.4375 0.5858662609375 0.4125 0.594984803125 0.384375 0.6489361703125 0.3859375 0.7127659578125 0.3671875 0.7378419453125 0.3796875 0.77355623125 0.3625 0.7933130703125 0.3625 0.8191489359374999 0.35625 0.8343465046875 0.3578125 0.8731003046874999 0.3890625 0.9164133734375 0.4078125 0.9293313062499999 0.4328125 0.9361702125000001
1 0 0.8594224921875 0.0203125 0.853343465625 0.05625 0.8351063828124999 0.083971875 0.7680630703125 0.14210781249999999 0.7633510640625001 0.203125 0.715805471875 0.1859375 0.6785714281249999 0.1796875 0.6732522796875 0.1703125 0.6717325234375 0.15 0.6732522796875 0.1375 0.6876899703125 0.0453125 0.7112461999999999 0.034375 0.733282675 0.061364062500000004 0.7664924015625 0 0.785340425 0 0.8594224921875
1 0.1375 0.56534954375 0.146875 0.57370820625 0.184375 0.588145896875 0.2234375 0.59042553125 0.240625 0.5858662609375 0.25 0.57902735625 0.26875 0.5539513671875 0.278125 0.554711246875 0.2828125 0.566109421875 0.3015625 0.5759878421875 0.32943125 0.581151975 0.3520390625 0.5591626140625 0.30036406250000003 0.5073297875 0.334375 0.4703647421875 0.31875 0.4323708203125 0.3140625 0.43009118593749995 0.303125 0.43389057812500004 0.2765625 0.425531915625 0.2609375 0.4232522796875 0.2359375 0.425531915625 0.2171875 0.4217325234375 0.215625 0.41793313125 0.2078125 0.4194528875 0.1984375 0.427051671875 0.19375 0.4468085109375 0.1859375 0.4544072953125 0.15 0.468844984375 0.1390625 0.484042553125 0.14375 0.506079028125 0.1546875 0.517477203125 0.134375 0.534194528125 0.1375 0.56534954375
1 0.2234375 0.3844984796875 0.2390625 0.39513677812500003 0.278125 0.4065349546875 0.2828125 0.4194528875 0.290625 0.41185410312500004 0.2984375 0.41185410312500004 0.3140625 0.420212765625 0.3296875 0.4194528875 0.340625 0.4156534953125 0.353125 0.3974164140625 0.346875 0.37234042500000003 0.3609375 0.3442249234375 0.384375 0.3328267484375 0.3875 0.3267477203125 0.3890625 0.3138297875 0.3640625 0.3085106390625 0.384375 0.28571428593750003 0.3859375 0.27355623125 0.365625 0.2606382984375 0.353125 0.26139817656250003 0.3390625 0.2712765953125 0.321875 0.272796353125 0.309375 0.2606382984375 0.290625 0.2636778109375 0.2625 0.284194528125 0.2734375 0.3100303953125 0.271875 0.3199088140625 0.228125 0.3685410328125 0.2234375 0.3844984796875
1 0.30625 0 0.3125 0.0106382984375 0.328125 0.0212765953125 0.35 0.0250759875 0.3578125 0.03191489375 0.35 0.040273556249999995 0.3390625 0.0752279640625 0.3171875 0.089665653125 0.3 0.0934650453125 0.28125 0.11854103281249999 0.2828125 0.135258359375 0.2984375 0.1496960484375 0.321875 0.16109422499999998 0.33125 0.1565349546875 0.353125 0.1322188453125 0.3765625 0.138297871875 0.4171875 0.10714285781249999 0.4375 0.057750759375 0.4390625 0.040273556249999995 0.421875 0 0.30625 0
1 0.084375 0.5045592703125 0.0546875 0.5091185406250001 0.05 0.5288753796875 0.0625 0.5463525828125 0.059375 0.5699088140625 0.0796875 0.588905775 0.084375 0.628419453125 0.10625 0.6344984796875 0.10625 0.6398176296875 0.096875 0.6420972640625 0.1015625 0.6458966562499999 0.0984375 0.653495440625 0.109375 0.65121580625 0.109375 0.645136778125 0.1234375 0.6367781156250001 0.1484375 0.59878419375 0.14978750000000002 0.5845129171875 0.12632656250000002 0.5678373859375 0.1209125 0.5406299390625 0.146178125 0.515178571875 0.12993593750000001 0.49938069843750005 0.13715468749999998 0.47305167187499997 0.1703125 0.46276595781249996 0.1921875 0.4544072953125 0.1921875 0.4384498484375 0.2203125 0.405015196875 0.215625 0.3822188453125 0.18125 0.363221884375 0.15625 0.36246200625 0.140625 0.37158054687500003 0.1078125 0.41261398125 0.078125 0.4232522796875 0.059375 0.4635258359375 0.0609375 0.47416413437499993 0.0796875 0.48480243125 0.0890625 0.4969604859375 0.084375 0.5045592703125