1 0.47505422968750005 0.63525390625 0.4826464203125 0.6455078125 0.481561821875 0.64990234375 0.48698481562499996 0.64892578125 0.49349240781250003 0.654296875 0.497830803125 0.65283203125 0.5140997828125 0.65673828125 0.51518438125 0.66162109375 0.528199565625 0.669921875 0.544468546875 0.66943359375 0.5639913234375 0.66162109375 0.56832971875 0.65869140625 0.5639913234375 0.64599609375 0.5488069421875 0.646484375 0.5401301515625 0.6396484375 0.5455531453125 0.634765625 0.5433839484375 0.6279296875 0.5477223421875 0.623046875 0.54229935 0.61279296875 0.5347071578125 0.609375 0.529284165625 0.6015625 0.5173535796875 0.59619140625 0.5119305859375001 0.59765625 0.48373101875 0.5966796875 0.47830802656250004 0.6015625 0.46312364375000004 0.607421875 0.45336225625 0.61962890625 0.45227765781249996 0.623046875 0.4652928421875 0.634765625 0.470715834375 0.63330078125 0.47505422968750005 0.63525390625
1 0.091106290625 0.6865234375 0.107375271875 0.685546875 0.1236442515625 0.6796875 0.1258134484375 0.6767578125 0.127982646875 0.6689453125 0.1236442515625 0.6630859375 0.1160520609375 0.66015625 0.0867678953125 0.65966796875 0.08351410000000001 0.65771484375 0.0791757046875 0.662109375 0.07158351406249999 0.662109375 0.0737527109375 0.6689453125 0.091106290625 0.6865234375
1 0.5607375265625001 0.580078125 0.56724511875 0.57275390625 0.581344903125 0.56884765625 0.5824295015625001 0.5634765625 0.575921909375 0.55224609375 0.5618221265625001 0.54736328125 0.5509761390625 0.5478515625 0.5466377437500001 0.54443359375 0.53687635625 0.54248046875 0.502169196875 0.54443359375 0.5119305859375001 0.5556640625 0.5108459875 0.564453125 0.529284165625 0.57177734375 0.5607375265625001 0.580078125
1 0.059652928125000004 0.47509765625 0.07809110625 0.45947265625 0.081344903125 0.43896484375 0.05748373125 0.43310546875 0.04229935 0.435546875 0.0249457703125 0.435546875 0.01626898125 0.44140625 0.0119305859375 0.44921875 0.0108459875 0.45947265625 0.020607375 0.46728515625 0.044468546875 0.4736328125 0.059652928125000004 0.47509765625
1 0.1355748375 0.42822265625 0.14099783125 0.419921875 0.107375271875 0.4208984375 0.0932754875 0.427734375 0.0921908890625 0.435546875 0.0954446859375 0.43701171875 0.12039045625 0.4375 0.1355748375 0.42822265625
1 0.55748373125 0.4501953125 0.5694143171875 0.44189453125 0.580260303125 0.44091796875 0.5954446859375 0.443359375 0.6008676796875 0.4404296875 0.6106290671875 0.4287109375 0.6106290671875 0.42041015625 0.5965292843750001 0.4169921875 0.5878524953125 0.41162109375 0.56832971875 0.40771484375 0.554229934375 0.41162109375 0.5303687640625 0.4365234375 0.5195227765625 0.44287109375 0.518438178125 0.447265625 0.5357917578125 0.4560546875 0.5563991328125 0.4541015625 0.55748373125 0.4501953125
1 0.6138828640625 0.3876953125 0.6279826468749999 0.376953125 0.6258134484375 0.357421875 0.6160520609375 0.35498046875 0.5976138828125 0.3544921875 0.575921909375 0.359375 0.5694143171875 0.36279296875 0.5694143171875 0.373046875 0.575921909375 0.37939453125 0.5921908890625 0.384765625 0.6138828640625 0.3876953125
1 0.9522776578125001 0.353515625 0.9620390453125 0.3564453125 0.9707158343750001 0.35009765625 0.960954446875 0.3447265625 0.937093275 0.34228515625 0.9284164859375 0.3427734375 0.9219088937500001 0.3466796875 0.9219088937500001 0.3525390625 0.9316702812500001 0.3564453125 0.944685465625 0.35595703125 0.9522776578125001 0.353515625
1 0.9989154015624999 0.3525390625 0.9945770062499999 0.35107421875 0.9783080265624999 0.349609375 0.9674620390625 0.35302734375 0.9663774406250001 0.35791015625 0.9739696312499999 0.36279296875 0.9989154015624999 0.36328125 0.9989154015624999 0.3525390625
1 0.7874186546875 0.31103515625 0.793926246875 0.30908203125 0.7960954453125 0.30126953125 0.7863340562500001 0.29638671875 0.778741865625 0.28759765625 0.7603036875 0.294921875 0.7624728843749999 0.30078125 0.752711496875 0.3076171875 0.7516268984375001 0.31005859375 0.7668112796875 0.31689453125 0.7819956609375 0.31689453125 0.7874186546875 0.31103515625
1 0.7700650765625 0.3505859375 0.771149675 0.341796875 0.7483731015624999 0.33447265625 0.732104121875 0.3359375 0.72451193125 0.337890625 0.72342733125 0.34033203125 0.72451193125 0.35693359375 0.7516268984375001 0.36279296875 0.7624728843749999 0.3603515625 0.7700650765625 0.3505859375
1 0.137744034375 0.884765625 0.1626898046875 0.86474609375 0.1550976140625 0.85009765625 0.1388286328125 0.84765625 0.11930585625000001 0.8486328125 0.0943600875 0.857421875 0.0921908890625 0.86865234375 0.0976138828125 0.8759765625 0.13015184375 0.884765625 0.137744034375 0.884765625
1 0.0379609546875 0.8876953125 0.0509761390625 0.8857421875 0.07158351406249999 0.88818359375 0.0726681125 0.8837890625 0.0661605203125 0.8798828125 0.07158351406249999 0.87744140625 0.0748373109375 0.857421875 0.065075921875 0.85595703125 0.05748373125 0.857421875 0.0477223421875 0.86376953125 0.0347071578125 0.86279296875 0.0249457703125 0.86474609375 0.030368764062499998 0.86865234375 0.0195227765625 0.875 0.0227765734375 0.88525390625 0.0379609546875 0.8876953125
1 0.741865509375 0.314453125 0.7407809109375 0.30419921875 0.721258134375 0.30126953125 0.706073753125 0.3056640625 0.70281995625 0.31396484375 0.7125813453125 0.3203125 0.7299349234375 0.31982421875 0.741865509375 0.314453125
1 0.080260303125 0.62744140625 0.09869848125 0.62646484375 0.10086767968749999 0.619140625 0.10954446874999998 0.615234375 0.0845986984375 0.60009765625 0.076968546875 0.6007739265625001 0.0726323203125 0.60223828125 0.067211496875 0.6041904296875 0.05962364375 0.6080947265625001 0.0639598703125 0.6117548828125 0.080260303125 0.62744140625