1 0.23644444375 0.6786666671875 0.26044444375000003 0.6913333328125 0.26755555625 0.692 0.27555555625 0.6886666671875 0.2826666671875 0.692 0.2968888890625 0.6839999999999999 0.313777778125 0.6833333328125 0.345777778125 0.6746666671875 0.37244444374999996 0.6613333328125 0.37333333281250003 0.642 0.3688888890625 0.6286666671875001 0.33688888906250003 0.6153333328125 0.3093333328125 0.6173333328124999 0.297777778125 0.6113333328125 0.29511111093750003 0.602 0.2871111109375 0.5966666671875 0.248 0.5946666671874999 0.22577777812500002 0.6026666671875 0.21600000000000003 0.61 0.21955555625 0.6306666671875 0.2293333328125 0.648 0.22844444375 0.6646666671875 0.23644444375 0.6786666671875
1 0.3911111109375 0.6266666671875 0.40888888906250004 0.622 0.41511111093749997 0.6173333328124999 0.4186666671875 0.6093333328125 0.41688888906250005 0.5956666671875 0.43200000000000005 0.5713333328125 0.42577777812499995 0.5633333328125001 0.4 0.5546666671875 0.384 0.5593333328125001 0.369777778125 0.5566666671875 0.35111111093749997 0.5593333328125001 0.33244444375 0.5813333328125 0.3351111109375 0.6033333328125 0.34488888906250004 0.616 0.36444444374999996 0.6266666671875 0.3911111109375 0.6266666671875
1 0.1626666671875 0.29133333281249996 0.176 0.2986666671875 0.1848888890625 0.3206666671875 0.1911111109375 0.316 0.20355555625 0.3273333328125 0.21155555625 0.3293333328125 0.21688888906249998 0.3293333328125 0.21955555625 0.3246666671875 0.2328888890625 0.3233333328125 0.25866666718750003 0.3246666671875 0.2746666671875 0.3326666671875 0.281777778125 0.33199999999999996 0.28355555625 0.3213333328125 0.29244444375 0.314 0.29155555624999996 0.3093333328125 0.2986666671875 0.3086666671875 0.3031111109375 0.2986666671875 0.29955555624999997 0.2706666671875 0.288 0.256 0.27644444375 0.2553333328125 0.25955555625 0.248 0.24 0.2553333328125 0.206222221875 0.2513333328125 0.1688888890625 0.254 0.1688888890625 0.2633333328125 0.1573333328125 0.2746666671875 0.15644444375 0.2793333328125 0.1626666671875 0.29133333281249996
1 0.337777778125 0.2793333328125 0.34844444375 0.282 0.390222221875 0.2766666671875 0.393777778125 0.284 0.4 0.288 0.41155555625 0.292 0.42222222187499997 0.2893333328125 0.4311111109375 0.2806666671875 0.44355555625000004 0.2593333328125 0.4266666671875 0.2513333328125 0.42488888906250005 0.248 0.42488888906250005 0.242 0.430222221875 0.2346666671875 0.42933333281249997 0.2193333328125 0.4266666671875 0.2146666671875 0.41955555625 0.2126666671875 0.41422222187499996 0.2026666671875 0.41244444375 0.1813333328125 0.40711111093749996 0.16599999999999998 0.392 0.1526666671875 0.3671111109375 0.1613333328125 0.34488888906250004 0.156 0.3333333328125 0.1593333328125 0.32977777812500003 0.154 0.3306666671875 0.1586666671875 0.31822222187500004 0.1686666671875 0.30044444375 0.172 0.2986666671875 0.186 0.3093333328125 0.244 0.33155555625 0.2746666671875 0.337777778125 0.2793333328125
1 0.3848888890625 0.4086666671875 0.393777778125 0.4126666671875 0.40088888906250003 0.42133333281249996 0.4 0.4273333328125 0.41777777812499994 0.4193333328125 0.4391111109375 0.42000000000000004 0.44355555625000004 0.414 0.44088888906249996 0.396 0.44888888906249996 0.38333333281250004 0.43555555625000003 0.368 0.4231111109375 0.3673333328125 0.41422222187499996 0.372 0.39911111093749996 0.364 0.392 0.364 0.37244444374999996 0.37466666718749997 0.36355555625 0.392 0.36444444374999996 0.4006666671875 0.37155555625000003 0.40933333281250006 0.3848888890625 0.4086666671875
1 0.42933333281249997 0.4693333328125 0.42488888906250005 0.45999999999999996 0.41333333281250006 0.45466666718750004 0.40355555625 0.45533333281250005 0.40088888906250003 0.458 0.39644444375 0.4893333328125 0.40800000000000003 0.49133333281249997 0.4266666671875 0.47866666718750006 0.42933333281249997 0.4693333328125
1 0.1848888890625 0.4566666671875 0.1911111109375 0.4246666671875 0.1848888890625 0.40199999999999997 0.17244444375 0.40199999999999997 0.15644444375 0.4066666671875 0.1448888890625 0.4153333328125 0.144 0.426 0.1546666671875 0.43600000000000005 0.1653333328125 0.4526666671875 0.1848888890625 0.4566666671875
1 0.24355555624999997 0.0933333328125 0.25155555625 0.0846666671875 0.24355555624999997 0.0733333328125 0.24355555624999997 0.064 0.2213333328125 0.046 0.2106666671875 0.0433333328125 0.2026666671875 0.0486666671875 0.201777778125 0.0586666671875 0.21955555625 0.0853333328125 0.23199999999999998 0.09733333281249999 0.24355555624999997 0.0933333328125
1 0.27555555625 0.16 0.2826666671875 0.1486666671875 0.2871111109375 0.132 0.312 0.1066666671875 0.3111111109375 0.098 0.30222222187500003 0.09 0.26755555625 0.08333333281250001 0.246222221875 0.0853333328125 0.22844444375 0.0913333328125 0.22844444375 0.12933333281249998 0.23555555625000002 0.13133333281249998 0.25955555625 0.16 0.27555555625 0.16
1 0.88444444375 0.6566666671875 0.8880000000000001 0.6613333328125 0.88444444375 0.67 0.8915555562499999 0.6773333328125 0.9111111109375001 0.6733333328125 0.9208888890625 0.6673333328125 0.9306666671875 0.6666666671875 0.95555555625 0.648 0.961777778125 0.6386666671875 0.96355555625 0.626 0.9546666671875 0.6106666671875 0.93955555625 0.6006666671875001 0.9279999999999999 0.5980000000000001 0.8648888890625 0.6166666671875001 0.8568888890625 0.6226666671875 0.8560000000000001 0.636 0.8648888890625 0.6506666671875 0.8720000000000001 0.6573333328125 0.88444444375 0.6566666671875
1 0.8720000000000001 0.5486666671875 0.8835555562499999 0.5433333328125001 0.8906666671875 0.538 0.8968888890625 0.5266666671875 0.8951111109375001 0.514 0.8817777781249999 0.506 0.8728888890625001 0.504 0.8515555562499999 0.5053333328125 0.8435555562499999 0.5193333328125 0.8417777781250001 0.534 0.8497777781250001 0.5473333328125001 0.8568888890625 0.55 0.8720000000000001 0.5486666671875
1 0.8488888890625 0.6106666671875 0.8586666671875 0.6086666671875001 0.8675555562499999 0.5953333328125 0.86844444375 0.5853333328125 0.87644444375 0.5773333328125 0.8773333328125 0.5593333328125001 0.8728888890625001 0.5559999999999999 0.85244444375 0.5513333328125001 0.8177777781250001 0.562 0.8204444437499999 0.5713333328125 0.8168888890625 0.584 0.8275555562499999 0.6033333328125 0.8488888890625 0.6106666671875
1 0.846222221875 0.4306666671875 0.8497777781250001 0.4446666671875 0.86044444375 0.45199999999999996 0.9039999999999999 0.4573333328125 0.9111111109375001 0.4533333328125 0.9208888890625 0.44066666718749997 0.9253333328125001 0.4146666671875 0.94044444375 0.37666666718749997 0.93155555625 0.36466666718749996 0.9253333328125001 0.366 0.91644444375 0.36266666718749996 0.8853333328125 0.364 0.8773333328125 0.3693333328125 0.8720000000000001 0.36866666718749996 0.8657777781249999 0.38533333281250004 0.8595555562499999 0.3866666671875 0.8568888890625 0.38333333281250004 0.8400000000000001 0.3846666671875 0.8195555562499999 0.4006666671875 0.8160000000000001 0.4146666671875 0.8186666671875 0.42400000000000004 0.8240000000000001 0.4286666671875 0.846222221875 0.4306666671875
1 0.886222221875 0.3406666671875 0.8906666671875 0.3366666671875 0.894222221875 0.3246666671875 0.89244444375 0.3026666671875 0.8960000000000001 0.2893333328125 0.88444444375 0.2846666671875 0.8773333328125 0.286 0.8675555562499999 0.29333333281249996 0.8506666671875 0.316 0.8488888890625 0.32999999999999996 0.85244444375 0.33599999999999997 0.87644444375 0.34199999999999997 0.886222221875 0.3406666671875