1 0.0778210109375 0.6427829703125 0.0817120625 0.6282450671875 0.07937743124999999 0.6147455859375001 0.072373540625 0.6053997921875001 0.0638132296875 0.60124610625 0.048249026562500005 0.6085150578125 0.0303501953125 0.6427829703125 0.026459143750000004 0.657320871875 0.0272373546875 0.680166146875 0.039688715624999996 0.6895119421875 0.041245135937499997 0.7092419515625 0.0778210109375 0.6427829703125
1 0.1564202328125 0.6438213921875 0.16108949374999998 0.6220145375 0.1517509734375 0.6043613703124999 0.131517509375 0.6043613703124999 0.125291828125 0.6137071656249999 0.1237354078125 0.6396677046875 0.12996108906249998 0.6542056078125 0.1509727625 0.6490135 0.1564202328125 0.6438213921875
1 0.1852140078125 0.739356178125 0.1976653703125 0.7248182765625 0.2147859921875 0.71962616875 0.225680934375 0.69262720625 0.2217898828125 0.6770508828125 0.21167315156250002 0.66978193125 0.203112840625 0.66978193125 0.182879378125 0.6791277265625 0.170428015625 0.693665628125 0.166536965625 0.70404984375 0.16731517499999998 0.7217030109375 0.17665369687500002 0.7362409140625 0.1852140078125 0.739356178125
1 0.3361867703125 0.4236760125 0.33540856093750004 0.4195223265625 0.34163424062500003 0.41536863906250004 0.3400778203125 0.40498442343749996 0.32840466875 0.3946002078125 0.311284046875 0.39563862968749997 0.298832684375 0.41017653125000003 0.2964980546875 0.4236760125 0.3058365765625 0.4278296984375 0.32062256875 0.42159916875 0.3361867703125 0.4236760125
1 0.1680933859375 0.565939771875 0.171206225 0.5576323984375 0.1821011671875 0.5472481828125 0.19844357968749998 0.5493250265625 0.213229571875 0.5140186921875001 0.21634241250000003 0.5129802703124999 0.21634241250000003 0.5077881625 0.2108949421875 0.5005192109375 0.2443579765625 0.472481828125 0.27548638125 0.4537902390625 0.2832684828125 0.42471443437499995 0.274708171875 0.42263759062500006 0.256031128125 0.4278296984375 0.24280155625000002 0.43509865000000003 0.233463034375 0.445482865625 0.2054474703125 0.45690550312499995 0.19221789843749998 0.4776739359375 0.1891050578125 0.49428868125000003 0.174319065625 0.5077881625 0.1556420234375 0.5109034265625 0.15019455312500002 0.5150571125 0.14474708125 0.5275181718749999 0.14396887187500002 0.541017653125 0.1494163421875 0.5607476640625 0.157976653125 0.5690550359375 0.1680933859375 0.565939771875
1 0.278599221875 0.7009345796875001 0.298054475 0.6895119421875 0.3027237359375 0.6749740390625 0.32217898906250003 0.6635514015624999 0.34163424062500003 0.6458982343749999 0.34474708125000003 0.6386292828125 0.34085603125 0.611630321875 0.32684824843750004 0.5929387328125 0.3182879375 0.5898234687499999 0.292607003125 0.611630321875 0.28171206249999997 0.6095534781249999 0.27159533125 0.620976115625 0.262256809375 0.625129803125 0.2614786 0.6552440296875 0.2677042796875 0.66978193125 0.27159533125 0.69262720625 0.278599221875 0.7009345796875001
1 0.3922178984375 0.6375908625 0.399221790625 0.6178608515625 0.399221790625 0.6095534781249999 0.3914396890625 0.5950155765625 0.3688715953125 0.5825545171875001 0.35408560312500004 0.5898234687499999 0.3431906609375 0.6064382140625 0.3431906609375 0.6157840078125 0.35330739375000003 0.6313603328124999 0.37276264531250003 0.6407061265625 0.3922178984375 0.6375908625
1 0.4023346296875 0.5846313609375 0.4124513625 0.5939771546875 0.4202334625 0.5950155765625 0.4404669265625 0.5825545171875001 0.445914396875 0.5732087234375001 0.4490272375 0.5441329171875 0.44357976718750003 0.52647975 0.449805446875 0.504672896875 0.43657587500000006 0.4922118375 0.4202334625 0.4880581515625 0.4108949421875 0.4922118375 0.40622568125 0.49948078906250004 0.40622568125 0.5129802703124999 0.3945525296875 0.5576323984375 0.39766537031250004 0.5763239875 0.4023346296875 0.5846313609375
1 0.3486381328125 0.7362409140625 0.35330739375000003 0.7403946 0.38443579843750003 0.74247144375 0.38910505781250004 0.7320872281249999 0.390661478125 0.7061266875000001 0.38521400781250004 0.6988577359375 0.3680933859375 0.6978193140625 0.34474708125000003 0.7061266875000001 0.34163424062500003 0.717549325 0.3494163421875 0.7206645890625001 0.3509727625 0.7320872281249999 0.3486381328125 0.7362409140625
1 0.474708171875 0.739356178125 0.4832684828125 0.72689511875 0.5011673156249999 0.727933540625 0.5268482484375 0.7206645890625001 0.5595330734374999 0.717549325 0.564202334375 0.7144340609375 0.5680933859375 0.703011421875 0.560311284375 0.6874350984375 0.5431906609375 0.6884735203125001 0.527626459375 0.6957424718749999 0.5068739296875 0.6957424718749999 0.484824903125 0.6863966765625 0.4599221796875 0.6978193140625 0.42334630312500005 0.703011421875 0.4124513625 0.717549325 0.4124513625 0.7372793359375 0.4155642015625 0.743509865625 0.4505836578125 0.7476635515625001 0.474708171875 0.739356178125
1 0.5984435796875001 0.7144340609375 0.5976653703125 0.70404984375 0.592996109375 0.6957424718749999 0.5844357984374999 0.69470405 0.5719844359375 0.6998961578125 0.571206225 0.70404984375 0.5797665375000001 0.71962616875 0.5953307390625 0.71962616875 0.5984435796875001 0.7144340609375
1 0.6459143968750001 0.7102803734375 0.6614785999999999 0.6832814125 0.6653696499999999 0.6666666671875 0.6638132296875 0.6552440296875 0.6575875484375 0.6490135 0.6342412453125 0.684319834375 0.6178988328125 0.6874350984375 0.609338521875 0.69470405 0.609338521875 0.703011421875 0.6147859921875 0.7133956390625 0.6350194546875 0.7144340609375 0.6459143968750001 0.7102803734375
1 0.6809338515625 0.6458982343749999 0.682490271875 0.6282450671875 0.6739299609375 0.6157840078125 0.662256809375 0.6188992734375 0.65525291875 0.626168225 0.656031128125 0.6407061265625 0.6614303500000001 0.6466490140625 0.6695221796874999 0.6518473515625 0.6809338515625 0.6458982343749999
1 0.708949415625 0.5763239875 0.7117789890624999 0.5666677046874999 0.7042801562500001 0.5482866046875 0.69182879375 0.5482866046875 0.6856031125000001 0.5545171343749999 0.6856031125000001 0.5770166140625 0.6955953312500001 0.5878629281250001 0.7035019453125 0.58566978125 0.708949415625 0.5763239875
1 0.6116731515625 0.42159916875 0.6280155640625 0.40498442343749996 0.6513618671875 0.3561786078125 0.6498054468750001 0.34371755 0.6451361875 0.338525440625 0.6373540859375 0.3374870203125 0.6210116734375 0.34787123593749997 0.6054474703125 0.36137071718749997 0.59610895 0.379023884375 0.582879378125 0.3925233640625 0.5836575875000001 0.40706126718749996 0.5953307390625 0.42575285625000003 0.6031128406249999 0.4267912765625 0.6116731515625 0.42159916875
1 0.47081712031249995 0.552440290625 0.5159533078125 0.5129802703124999 0.50428015625 0.4974039453125 0.488715953125 0.49428868125000003 0.4778210109375 0.4974039453125 0.4568093390625 0.51713395625 0.45525291875 0.5327102796875 0.45758754843749994 0.53997923125 0.46692607031250005 0.552440290625 0.47081712031249995 0.552440290625
1 0.5727626453125 0.44963655312500006 0.5758754859375 0.4465212875 0.5813229578125 0.44859813125 0.5875486375000001 0.44132917968749996 0.5875486375000001 0.42471443437499995 0.5836575875000001 0.4236760125 0.5782101171875 0.41017653125000003 0.5649805453125001 0.41744548281249994 0.55330739375 0.4164070609375 0.5392996109375 0.44029075781250004 0.52840466875 0.44859813125 0.5136186765625 0.48390446562499995 0.51206225625 0.4901349953125 0.5167315171875 0.5025960546875 0.5369649812499999 0.49636552500000003 0.5727626453125 0.44963655312500006