1 0.5010845984375 0.24951171875 0.513015184375 0.25146484375 0.5195227765625 0.2412109375 0.529284165625 0.2373046875 0.528199565625 0.228515625 0.5173535796875 0.21630859375 0.50542299375 0.212890625 0.4880694140625 0.21484375 0.47830802656250004 0.21826171875 0.47288503281249994 0.22412109375 0.47180043437499997 0.22998046875 0.47830802656250004 0.2373046875 0.49566160468750003 0.2421875 0.5010845984375 0.24951171875
1 0.48915401249999996 0.31689453125 0.497830803125 0.32080078125 0.5010845984375 0.310546875 0.5086767890624999 0.3076171875 0.51626898125 0.2998046875 0.5108459875 0.2861328125 0.49349240781250003 0.28173828125 0.470715834375 0.2822265625 0.4620390453125 0.27978515625 0.450108459375 0.2939453125 0.450108459375 0.30419921875 0.455531453125 0.3125 0.4620390453125 0.31591796875 0.48915401249999996 0.31689453125
1 0.49457700625 0.19677734375 0.5075921906249999 0.1982421875 0.5108459875 0.2021484375 0.518438178125 0.20263671875 0.5303687640625 0.1884765625 0.5260303687500001 0.16943359375 0.5173535796875 0.16845703125 0.4804772234375 0.1806640625 0.4804772234375 0.18505859375 0.4859002171875 0.18896484375 0.4902386109375 0.18798828125 0.49457700625 0.19677734375
1 0.5835141 0.44775390625 0.5878524953125 0.443359375 0.5997830796875 0.44140625 0.6268980484375 0.44873046875 0.654013015625 0.4501953125 0.659436009375 0.447265625 0.684381778125 0.44189453125 0.6930585687499999 0.435546875 0.6973969624999999 0.423828125 0.6941431671875 0.416015625 0.6626898046874999 0.40478515625 0.637744034375 0.3876953125 0.622559653125 0.38525390625 0.6160520609375 0.39013671875 0.5943600874999999 0.396484375 0.575921909375 0.39892578125 0.554229934375 0.40478515625 0.5488069421875 0.423828125 0.5607375265625001 0.431640625 0.5618221265625001 0.4384765625 0.5357917578125 0.4375 0.5314533625 0.44091796875 0.5314533625 0.451171875 0.559652928125 0.458984375 0.5639913234375 0.4501953125 0.5835141 0.44775390625
1 0.5748373109375 0.5625 0.5954446859375 0.5654296875 0.604121475 0.5634765625 0.659436009375 0.56298828125 0.6767895875 0.54931640625 0.67136659375 0.53466796875 0.674620390625 0.52734375 0.6963123640625 0.5263671875 0.7093275484375 0.5185546875 0.7180043390625 0.50732421875 0.7093275484375 0.498046875 0.6865509765625 0.49267578125 0.6431670281249999 0.49462890625 0.622559653125 0.49169921875 0.5943600874999999 0.494140625 0.5867678953125 0.4951171875 0.5477223421875 0.51123046875 0.539045553125 0.517578125 0.5325379609375 0.529296875 0.5314533625 0.541015625 0.544468546875 0.556640625 0.559652928125 0.55712890625 0.5748373109375 0.5625
1 0.5010845984375 0.79345703125 0.50542299375 0.7900390625 0.5108459875 0.78955078125 0.5173535796875 0.783203125 0.5086767890624999 0.73974609375 0.49457700625 0.73193359375 0.4696312359375 0.724609375 0.45227765781249996 0.7236328125 0.4381778734375 0.7255859375 0.42190889374999996 0.73583984375 0.4154013015625 0.7373046875 0.40780911093750005 0.7353515625 0.3839479390625 0.7412109375 0.3600867671875 0.76171875 0.3633405640625 0.7802734375 0.3731019515625 0.79248046875 0.3861171359375 0.79736328125 0.5010845984375 0.79345703125
1 0.215835140625 0.78271484375 0.2331887203125 0.78173828125 0.241865509375 0.779296875 0.2483731015625 0.77392578125 0.252711496875 0.75732421875 0.2668112796875 0.73779296875 0.2592190890625 0.72314453125 0.236442515625 0.7158203125 0.21366594375 0.71484375 0.2049891546875 0.716796875 0.1984815625 0.7236328125 0.1984815625 0.73193359375 0.1767895875 0.74755859375 0.174620390625 0.755859375 0.17353579218749998 0.76513671875 0.1865509765625 0.77490234375 0.2017353578125 0.77734375 0.215835140625 0.78271484375
1 0.19631236406250002 0.85302734375 0.195227765625 0.83251953125 0.200650759375 0.82568359375 0.187635575 0.82470703125 0.1681127984375 0.828125 0.1626898046875 0.83203125 0.14425162656249998 0.83544921875 0.1355748375 0.841796875 0.16594360156250001 0.86474609375 0.19197397031250002 0.8603515625 0.19631236406250002 0.85302734375
1 0 0.89794921875 0.00542299375 0.900390625 0.008676789062499999 0.8955078125 0.01626898125 0.89404296875 0.0249457703125 0.8955078125 0.0401301515625 0.892578125 0.0488069421875 0.89306640625 0.056399132812499995 0.88525390625 0.056399132812499995 0.88037109375 0.049891540625 0.87451171875 0.052060737499999996 0.859375 0.0488069421875 0.85595703125 0.0314533625 0.853515625 0.01626898125 0.85546875 0.0065075921874999994 0.86376953125 0 0.86474609375 0 0.89794921875
1 0.169197396875 0.69189453125 0.185466378125 0.685546875 0.1887201734375 0.6650390625 0.1757049890625 0.65966796875 0.15075921875 0.65771484375 0.146420825 0.65771484375 0.146420825 0.673828125 0.1529284171875 0.68212890625 0.169197396875 0.69189453125
1 0.7635574843749999 0.4033203125 0.7624728843749999 0.3955078125 0.7668112796875 0.39111328125 0.77548806875 0.38916015625 0.788503253125 0.38037109375 0.7819956609375 0.37744140625 0.7592190890625 0.38134765625 0.7505423 0.37890625 0.7364425156250001 0.37890625 0.726681128125 0.3828125 0.7125813453125 0.39453125 0.7136659437499999 0.400390625 0.7201735359375 0.404296875 0.747288503125 0.40771484375 0.7635574843749999 0.4033203125
1 0.8091106296874999 0.4150390625 0.8188720171874999 0.40673828125 0.8188720171874999 0.39111328125 0.8134490234375 0.38916015625 0.7982646421874999 0.39111328125 0.788503253125 0.404296875 0.7809110625 0.404296875 0.778741865625 0.39990234375 0.771149675 0.3994140625 0.7722342734375001 0.40771484375 0.7624728843749999 0.40869140625 0.758134490625 0.4111328125 0.7570498921875 0.41650390625 0.7646420828125 0.419921875 0.7798264640625 0.42041015625 0.8091106296874999 0.4150390625