1 0.8450520828125001 0.537109375 0.8268229171874999 0.533203125 0.8111979171874999 0.5380859375 0.8059895828125001 0.546875 0.8046875 0.5546875 0.8177083328125001 0.56640625 0.8450520828125001 0.5654296875 0.8450520828125001 0.537109375
1 0.95703125 0.5068359375 0.9557291671874999 0.49609375 0.9466145828125001 0.4912109375 0.9270833328125001 0.4931640625 0.90234375 0.501953125 0.9036458328125001 0.5185546875 0.9244791671874999 0.5234375 0.9453125 0.51953125 0.95703125 0.5068359375
1 0.7669270828125 0.564453125 0.7513020828125 0.54296875 0.73828125 0.541015625 0.71484375 0.546875 0.69921875 0.5546875 0.6927083328125 0.564453125 0.6901041671875 0.5771484375 0.7005208328125 0.587890625 0.7682291671875 0.583984375 0.7669270828125 0.564453125
1 0.6588541671875 0.595703125 0.6731770828125 0.576171875 0.6731770828125 0.5576171875 0.6536458328125 0.55078125 0.6380208328125 0.5556640625 0.6276041671875 0.5673828125 0.625 0.5947265625 0.6341145828125 0.5927734375 0.6419270828125 0.5986328125 0.6588541671875 0.595703125
1 0.7760416671875 0.5302734375 0.83984375 0.4912109375 0.8411458328125001 0.484375 0.8372395828125001 0.48046875 0.8125 0.478515625 0.78125 0.482421875 0.7721354171875 0.4755859375 0.7630208328125 0.4755859375 0.73828125 0.486328125 0.734375 0.4921875 0.7122395828125 0.49609375 0.7005208328125 0.5078125 0.69921875 0.525390625 0.7109375 0.541015625 0.7200520828125 0.5439453125 0.7760416671875 0.5302734375
1 0.6223958328125 0.5849609375 0.6158854171875 0.5712890625 0.58203125 0.5771484375 0.5794270828125 0.583984375 0.58984375 0.6083984375 0.6145833328125 0.6044921875 0.6223958328125 0.5849609375
1 0.5638020828125 0.6279296875 0.5729166671875 0.6171875 0.5729166671875 0.6103515625 0.5143229171875 0.6025390625 0.5078125 0.609375 0.4869791671875 0.6171875 0.4700520828125 0.6318359375 0.4635416671875 0.6533203125 0.4635416671875 0.673828125 0.4934895828125 0.677734375 0.5325520828125 0.65625 0.5638020828125 0.6279296875
1 0.703125 0.669921875 0.7317708328125 0.662109375 0.7578125 0.662109375 0.8229166671874999 0.677734375 0.8138020828125001 0.6337890625 0.7786458328125 0.6181640625 0.7604166671875 0.625 0.71875 0.62890625 0.6901041671875 0.650390625 0.6888020828125 0.654296875 0.6966145828125 0.6552734375 0.6979166671875 0.6669921875 0.703125 0.669921875
1 0.8763020828125001 0.6357421875 0.9088541671874999 0.6328125 0.953125 0.64453125 0.9700520828125001 0.64453125 0.9986979171874999 0.6328125 0.9986979171874999 0.6123046875 0.9778645828125001 0.6162109375 0.9505208328125001 0.6044921875 0.9348958328125001 0.6025390625 0.9166666671874999 0.609375 0.9114583328125001 0.615234375 0.8528645828125001 0.6171875 0.8450520828125001 0.6220703125 0.8528645828125001 0.6318359375 0.8736979171874999 0.630859375 0.8763020828125001 0.6357421875
1 0.9557291671874999 0.3916015625 0.9635416671874999 0.3837890625 0.96484375 0.3740234375 0.9609375 0.369140625 0.9440104171874999 0.3662109375 0.9348958328125001 0.3681640625 0.9231770828125001 0.380859375 0.921875 0.3876953125 0.9309895828125001 0.39453125 0.9401041671874999 0.3955078125 0.9557291671874999 0.3916015625
1 0.6852747390625 0.328361328125 0.6822916671875 0.3564453125 0.6937356765625 0.3588974609375 0.6979166671875 0.3564453125 0.70703125 0.3466796875 0.7096354171875 0.330078125 0.7057291671875 0.3203125 0.7109375 0.3115234375 0.7200520828125 0.3017578125 0.7408854171875 0.294921875 0.734375 0.27734375 0.7369791671875 0.2705078125 0.73046875 0.2607421875 0.7174479171875 0.2548828125 0.7122395828125 0.244140625 0.6966145828125 0.2392578125 0.6809895828125 0.2431640625 0.6823658859374999 0.2548681640625 0.66796875 0.267578125 0.6889765625 0.2883076171875 0.6799869796875 0.302583984375 0.6704700515625001 0.312498046875 0.6762864578125 0.321619140625 0.6852747390625 0.328361328125
1 0.6236979171875 0.4853515625 0.62109375 0.490234375 0.6471354171875 0.474609375 0.6692708328125 0.447265625 0.6848958328125 0.4443359375 0.6770833328125 0.4140625 0.6653645828125 0.4140625 0.66484765625 0.42362304687499996 0.6544726562500001 0.438251953125 0.6419270828125 0.443359375 0.6328125 0.4619140625 0.61328125 0.4736328125 0.6236979171875 0.4853515625
1 0.7109375 0.1826171875 0.7122395828125 0.1689453125 0.7005208328125 0.16015625 0.6822916671875 0.1689453125 0.6796875 0.1787109375 0.6848958328125 0.1865234375 0.6909752609375001 0.196078125 0.7109375 0.1826171875
1 0.8580729171874999 0.0810546875 0.84375 0.0869140625 0.84375 0.0927734375 0.8776041671874999 0.0927734375 0.8723958328125001 0.0810546875 0.8580729171874999 0.0810546875
1 0.5954296875 0.27822265625 0.6041666671875 0.26953125 0.5911458328125 0.2587890625 0.57421875 0.2607421875 0.5677083328125 0.2548828125 0.5533854171875 0.255859375 0.5442708328125 0.251953125 0.5355872390624999 0.26338378906250004 0.5452083328125 0.26879589843749996 0.55001953125 0.27601171875 0.5781940109375 0.2794541015625 0.5954296875 0.27822265625
1 0.3984375 0.3193359375 0.3736979171875 0.318359375 0.3723958328125 0.32421875 0.3841145828125 0.3408203125 0.4036458328125 0.330078125 0.3984375 0.3193359375
1 0.22395833281250002 0.40234375 0.22395833281250002 0.390625 0.21223958281250002 0.3798828125 0.20442708281250002 0.3779296875 0.19140625 0.3837890625 0.19140625 0.3994140625 0.1966145828125 0.40625 0.21875 0.40625 0.22395833281250002 0.40234375
1 0.3059895828125 0.6015625 0.31640625 0.591796875 0.3125 0.576171875 0.2955729171875 0.564453125 0.27734375 0.5703125 0.2760546875 0.5823955078124999 0.2877604171875 0.591796875 0.29525260468750003 0.597787109375 0.3059895828125 0.6015625