1 0.8723958328125001 0.2265625 0.8854166671874999 0.2265625 0.8984375 0.2333984375 0.91796875 0.2314453125 0.9401041671874999 0.216796875 0.9661458328125001 0.1787109375 0.9674479171874999 0.1689453125 0.9505208328125001 0.146484375 0.9283854171874999 0.1298828125 0.9140625 0.1328125 0.8932291671874999 0.1279296875 0.8776041671874999 0.12890625 0.8723958328125001 0.13671875 0.8580729171874999 0.140625 0.8385416671874999 0.154296875 0.8294270828125001 0.173828125 0.8333333328125001 0.2109375 0.8411458328125001 0.216796875 0.8723958328125001 0.2265625
1 0.8307291671874999 0.3916015625 0.8541666671874999 0.388671875 0.8763020828125001 0.3935546875 0.90234375 0.3720703125 0.9114583328125001 0.3515625 0.9348958328125001 0.333984375 0.9518229171874999 0.3046875 0.9466145828125001 0.3017578125 0.9361979171874999 0.30859375 0.9140625 0.298828125 0.8515625 0.294921875 0.8385416671874999 0.3193359375 0.8216145828125001 0.33203125 0.8177083328125001 0.3408203125 0.8203125 0.349609375 0.8111979171874999 0.373046875 0.8138020828125001 0.38671875 0.8307291671874999 0.3916015625
1 0.65234375 0.4521484375 0.6536458328125 0.4580078125 0.6627604171875 0.4609375 0.66796875 0.4716796875 0.6653645828125 0.4814453125 0.6575520828125 0.486328125 0.66015625 0.498046875 0.6927083328125 0.5126953125 0.703125 0.5126953125 0.7513020828125 0.52734375 0.7591145828125 0.5263671875 0.7630208328125 0.51953125 0.7721354171875 0.5166015625 0.7630208328125 0.48828125 0.7643229171875 0.478515625 0.7734375 0.4580078125 0.7890625 0.447265625 0.76171875 0.4228515625 0.7565104171875 0.400390625 0.7447916671875 0.39453125 0.7278645828125 0.3955078125 0.6940104171875 0.412109375 0.640625 0.4091796875 0.6315104171875 0.4228515625 0.6328125 0.4326171875 0.6380208328125 0.443359375 0.65234375 0.4521484375
1 0.5221354171875 0.5048828125 0.5377604171875 0.4736328125 0.5377604171875 0.4423828125 0.53125 0.42578125 0.5247395828125 0.4228515625 0.5013020828125 0.4248046875 0.4856770828125 0.4306640625 0.4752604171875 0.439453125 0.46875 0.455078125 0.4479166671875 0.4619140625 0.4453125 0.4755859375 0.4700520828125 0.490234375 0.5052083328125 0.5048828125 0.5221354171875 0.5048828125
1 0.4244791671875 0.5517578125 0.4479166671875 0.5283203125 0.4453125 0.5185546875 0.4075520828125 0.482421875 0.375 0.4912109375 0.3645833328125 0.490234375 0.3567708328125 0.501953125 0.3567708328125 0.5390625 0.3854166671875 0.548828125 0.41015625 0.5537109375 0.4244791671875 0.5517578125
1 0.57421875 0.60546875 0.56640625 0.611328125 0.5833333328125 0.611328125 0.6080729171875 0.619140625 0.6145833328125 0.630859375 0.6471354171875 0.6240234375 0.68359375 0.6259765625 0.6979166671875 0.6103515625 0.6875 0.6044921875 0.6705729171875 0.5712890625 0.6497395828125 0.5458984375 0.6106770828125 0.5322265625 0.578125 0.54296875 0.58203125 0.560546875 0.5638020828125 0.580078125 0.5651041671875 0.591796875 0.57421875 0.60546875
1 0.5091145828125 0.62890625 0.53515625 0.62890625 0.5638020828125 0.6162109375 0.5572916671875 0.6044921875 0.5598958328125 0.587890625 0.5559895828125 0.5859375 0.52734375 0.5869140625 0.515625 0.58203125 0.4622395828125 0.5791015625 0.453125 0.587890625 0.44921875 0.6064453125 0.45703125 0.6181640625 0.4973958328125 0.63671875 0.5091145828125 0.62890625
1 0.3138020828125 0.6513671875 0.3268229171875 0.6552734375 0.3763020828125 0.6591796875 0.40234375 0.6376953125 0.4244791671875 0.63671875 0.4348958328125 0.6318359375 0.4427083328125 0.6142578125 0.421875 0.6025390625 0.4036458328125 0.6015625 0.359375 0.609375 0.3138020828125 0.591796875 0.2877604171875 0.58984375 0.28515625 0.5986328125 0.29296875 0.61328125 0.2942708328125 0.634765625 0.3138020828125 0.6513671875
1 0.2955729171875 0.4501953125 0.3072916671875 0.41796875 0.28125 0.419921875 0.24479166718749998 0.4443359375 0.2421875 0.4580078125 0.2513020828125 0.46484375 0.2799479171875 0.46484375 0.2955729171875 0.4501953125
1 0.4609375 0.390625 0.4661458328125 0.369140625 0.48828125 0.3564453125 0.4778645828125 0.3486328125 0.4700520828125 0.3486328125 0.4544270828125 0.35546875 0.4479166671875 0.3662109375 0.4296875 0.37890625 0.4114583328125 0.384765625 0.4114583328125 0.396484375 0.4231770828125 0.4052734375 0.4466145828125 0.4033203125 0.4609375 0.390625
1 0.8059895828125001 0.2236328125 0.8072916671874999 0.21484375 0.8020833328125001 0.208984375 0.77734375 0.208984375 0.7721354171875 0.21875 0.7825520828125 0.23046875 0.7955729171875 0.23046875 0.8059895828125001 0.2236328125
1 0.7747395828125 0.265625 0.7669270828125 0.2568359375 0.74609375 0.2646484375 0.7486979171875 0.283203125 0.7630208328125 0.283203125 0.7734375 0.27734375 0.7747395828125 0.265625
1 0.1809895828125 0.5517578125 0.1809895828125 0.521484375 0.171875 0.5087890625 0.1276041671875 0.5166015625 0.1276041671875 0.5390625 0.14453125 0.5576171875 0.1614583328125 0.55859375 0.1809895828125 0.5517578125
1 0.16015625 0.7080078125 0.1770833328125 0.68359375 0.1848958328125 0.6806640625 0.1822916671875 0.6650390625 0.1875 0.646484375 0.16796875 0.6396484375 0.13671875 0.6416015625 0.09895833281250001 0.6572265625 0.078125 0.6748046875 0.078125 0.6875 0.09505208281250001 0.7099609375 0.1263020828125 0.7255859375 0.16015625 0.7080078125