1 0.25166666718749997 0.383703703125 0.2833333328125 0.4029629625 0.2866666671875 0.41629629687499997 0.3 0.4311111109375 0.31083333281250003 0.4311111109375 0.32166666718750003 0.41925925937499997 0.37 0.39703703749999997 0.3758333328125 0.40444444375 0.38166666718750003 0.40148148125 0.3825 0.3748148140625 0.375 0.35407407343749997 0.37666666718749997 0.340740740625 0.365 0.3111111109375 0.34500000000000003 0.2948148140625 0.3183333328125 0.28444444375 0.2941666671875 0.3140740734375 0.265 0.296296296875 0.2508333328125 0.300740740625 0.24333333281249997 0.3125925921875 0.2375 0.3348148140625 0.2416666671875 0.3466666671875 0.2416666671875 0.36 0.25166666718749997 0.383703703125
1 0.79 0.5333333328125 0.7983333328125 0.542222221875 0.8416666671874999 0.51851851875 0.8683333328125 0.52444444375 0.8808333328125 0.5348148140625 0.8891666671875 0.52444444375 0.9016666671875001 0.52148148125 0.9108333328124999 0.502222221875 0.9116666671875 0.4874074078125 0.905 0.4503703703125 0.8949999999999999 0.43407407343750004 0.8791666671874999 0.420740740625 0.865 0.38074074062499996 0.8458333328125001 0.3688888890625 0.82 0.3674074078125 0.805 0.38074074062499996 0.7858333328125 0.420740740625 0.7775000000000001 0.4503703703125 0.7808333328125 0.47407407343749997 0.7791666671875 0.5096296296875 0.7849999999999999 0.51555555625 0.79 0.5333333328125
1 0.7508333328125001 0.9496296296875 0.7616666671875 0.9511111109374999 0.8066666671875 0.9940740734375 0.8150000000000001 0.9940740734375 0.8358333328124999 0.9570370374999999 0.8383333328125 0.943703703125 0.8333333328125001 0.9199999999999999 0.825 0.9037037031249999 0.8150000000000001 0.8977777781249999 0.8125 0.8888888890625 0.8150000000000001 0.8651851859375 0.7891666671875 0.8651851859375 0.7791666671875 0.8711111109375 0.7633333328125 0.8681481484375 0.7541666671875 0.8770370375000001 0.7508333328125001 0.8918518515624999 0.7433333328125 0.9037037031249999 0.7441666671875 0.9274074078125001 0.7508333328125001 0.9496296296875
3 0.1266666671875 0.782222221875 0.145 0.7866666671875 0.1525 0.782222221875 0.1625 0.7185185187500001 0.1625 0.662222221875 0.1558333328125 0.6340740734375 0.1525 0.5881481484375 0.1433333328125 0.5525925921875 0.13916666718749998 0.543703703125 0.1308333328125 0.539259259375 0.0666666671875 0.5481481484375 0.065 0.5599999999999999 0.0733333328125 0.6533333328125 0.1008333328125 0.7051851859375 0.1266666671875 0.782222221875
3 0.5941666671875 0.79851851875 0.6333333328124999 0.8 0.6441666671874999 0.8118518515625001 0.6433333328125 0.7748148140625 0.6375 0.75851851875 0.6224999999999999 0.7496296296875 0.5599999999999999 0.6711111109375001 0.5375 0.6548148140625 0.5208333328125 0.6474074078125 0.5166666671875 0.6503703703125 0.5266666671875 0.7185185187500001 0.54 0.7496296296875 0.5549999999999999 0.7718518515625 0.5941666671875 0.79851851875
3 0.5 0.4474074078125 0.5208333328125 0.4474074078125 0.5241666671874999 0.41925925937499997 0.5058333328125 0.3288888890625 0.5016666671875 0.29333333281249996 0.46333333281250005 0.1866666671875 0.4458333328125 0.1570370375 0.44166666718750003 0.142222221875 0.44000000000000006 0.1111111109375 0.4341666671875 0.1111111109375 0.43666666718749997 0.2266666671875 0.4691666671875 0.4296296296875 0.47416666718749995 0.4370370375 0.5 0.4474074078125
3 0.1516666671875 0.859259259375 0.2125 0.9985185187500001 0.25833333281250004 0.9985185187500001 0.23333333281250002 0.8874074078125 0.18416666718750002 0.7925925921875 0.1583333328125 0.75851851875 0.1516666671875 0.7851851859375001 0.1341666671875 0.7851851859375001 0.1308333328125 0.7940740734375 0.1316666671875 0.8133333328125 0.1383333328125 0.8429629625 0.1516666671875 0.859259259375
3 0.6383333328125 0.7629629625 0.6425 0.7318518515625 0.6408333328125 0.7022222218749999 0.6133333328125 0.5970370375 0.6075 0.5496296296875001 0.6066666671875 0.5111111109375 0.6033333328125 0.503703703125 0.5991666671875 0.5081481484375 0.595 0.5570370375 0.5825 0.6059259265625 0.5816666671874999 0.6488888890625 0.5933333328125 0.7066666671874999 0.6233333328125 0.7525925921875001 0.6383333328125 0.7629629625
3 0.6599999999999999 0.7748148140625 0.6683333328125001 0.777777778125 0.6849999999999999 0.7659259265625 0.7016666671875 0.739259259375 0.7141666671875 0.6948148140625 0.72 0.6459259265624999 0.7158333328125 0.5822222218750001 0.6991666671875 0.5170370375 0.6849999999999999 0.47851851874999995 0.6733333328125 0.47407407343749997 0.6691666671875 0.46666666718750005 0.6633333328125001 0.47259259218749994 0.6575 0.5111111109375 0.6466666671875 0.6281481484375 0.6466666671875 0.6711111109375001 0.6525000000000001 0.6977777781250001 0.6541666671875 0.743703703125 0.6599999999999999 0.7748148140625
3 0.0325 0.8488888890625 0.07666666718750001 0.7970370375 0.1 0.7614814812499999 0.10916666718750001 0.7348148140624999 0.08333333281250001 0.6696296296875001 0.06 0.6651851859375 0.0408333328125 0.6874074078125 0.0266666671875 0.7125925921875 0.0116666671875 0.8281481484375 0.0108333328125 0.8488888890625 0.013333332812500001 0.8548148140625 0.0266666671875 0.84148148125 0.0325 0.8488888890625
3 0.3366666671875 0.737777778125 0.3633333328125 0.657777778125 0.36583333281249997 0.6148148140624999 0.3608333328125 0.5911111109375 0.3616666671875 0.579259259375 0.3566666671875 0.5718518515625 0.3516666671875 0.5718518515625 0.32999999999999996 0.617777778125 0.3125 0.68444444375 0.30583333281249997 0.777777778125 0.31 0.777777778125 0.3225 0.7525925921875001 0.3366666671875 0.737777778125