1 0.10044444374999999 0.45199999999999996 0.09688888906250001 0.434 0.08355555625 0.418 0.059555556249999995 0.43333333281249997 0.0586666671875 0.44333333281250004 0.072 0.4606666671875 0.10400000000000001 0.45466666718750004 0.10044444374999999 0.45199999999999996
1 0.2826666671875 0.526 0.2871111109375 0.5186666671875 0.286222221875 0.5093333328125 0.281777778125 0.5053333328125 0.26577777812500003 0.5 0.25155555625 0.484 0.22844444375 0.48 0.21688888906249998 0.4886666671875 0.21600000000000003 0.51 0.2408888890625 0.5306666671875 0.26488888906249997 0.5326666671875 0.2826666671875 0.526
1 0.24132177812500002 0.6410720000000001 0.2538711109375 0.643606 0.254353778125 0.652656 0.24470044375 0.6595333328125 0.24663111093749998 0.6678593328125 0.25097511093749997 0.6700306671875 0.2586968890625 0.694284 0.256 0.6993333328125 0.2551111109375 0.7053333328125 0.26577777812500003 0.716 0.2631111109375 0.724 0.27076355625000004 0.735912 0.272 0.7433333328125 0.2808888890625 0.746 0.29511111093750003 0.7446666671875 0.2986666671875 0.742 0.2968888890625 0.7286666671875001 0.29055200000000003 0.7112966671875001 0.2728888890625 0.6666666671875 0.272 0.632 0.26577777812500003 0.6246666671875001 0.254222221875 0.6193333328125 0.25155555625 0.6133333328125 0.24325244375000002 0.6135613328125 0.22587733281250003 0.608132 0.2266666671875 0.6146666671875 0.2302213328125 0.6262306671875 0.23649599999999998 0.6302126671875 0.24132177812500002 0.6410720000000001
1 0.34044444375 0.8533333328125 0.337777778125 0.8400000000000001 0.3253333328125 0.8326666671874999 0.3128888890625 0.8366666671875 0.31022222187500004 0.8546666671875001 0.3128888890625 0.8533333328125 0.33244444375 0.8593333328125 0.34044444375 0.8533333328125
1 0.32 0.24266666718750002 0.305777778125 0.23866666718750001 0.296 0.24333333281249997 0.296 0.258 0.3111111109375 0.268 0.3191111109375 0.2593333328125 0.32 0.24266666718750002
1 0.249777778125 0.29133333281249996 0.25244444375 0.3113333328125 0.257777778125 0.3046666671875 0.2666666671875 0.3046666671875 0.270222221875 0.298 0.272 0.2826666671875 0.26755555625 0.27599999999999997 0.2728888890625 0.2653333328125 0.2728888890625 0.2553333328125 0.264 0.24733333281249997 0.2551111109375 0.24666666718750002 0.24266666718750002 0.2573333328125 0.23377777812499997 0.2746666671875 0.23377777812499997 0.2813333328125 0.238222221875 0.2873333328125 0.249777778125 0.29133333281249996
1 0.304 0.286 0.305777778125 0.27799999999999997 0.297777778125 0.27 0.2906666671875 0.2673333328125 0.2906666671875 0.2633333328125 0.27999999999999997 0.2746666671875 0.27999999999999997 0.284 0.286222221875 0.2893333328125 0.297777778125 0.29333333281249996 0.304 0.286
1 0.28355555625 0.2006666671875 0.278222221875 0.19866666718749998 0.2773333328125 0.192 0.26577777812500003 0.184 0.249777778125 0.182 0.23199999999999998 0.1833333328125 0.22577777812500002 0.1893333328125 0.22577777812500002 0.194 0.24355555624999997 0.20800000000000002 0.2746666671875 0.21000000000000002 0.28355555625 0.2006666671875
1 0.36 0.5253333328124999 0.3653333328125 0.5206666671875 0.3671111109375 0.5053333328125 0.353777778125 0.49866666718749997 0.3466666671875 0.4993333328125 0.33244444375 0.506 0.32977777812500003 0.5133333328125 0.3288888890625 0.522 0.3333333328125 0.528 0.3493333328125 0.524 0.36 0.5253333328124999
1 0.392 0.6106666671875 0.3786666671875 0.6093333328125 0.374222221875 0.614 0.3772853328125 0.625386 0.390657778125 0.6307586671875 0.39555555625 0.62 0.392 0.6106666671875
1 0.44355555625000004 0.6813333328125 0.44444444375 0.6773333328125 0.43644444375 0.6673333328125 0.421222221875 0.6740986671875 0.42074488906249996 0.6812626671875 0.42755555625 0.6900000000000001 0.4346666671875 0.6893333328125 0.44355555625000004 0.6813333328125
1 0.45599999999999996 0.5706666671875 0.462222221875 0.562 0.4613333328125 0.532 0.45244444375 0.524 0.446222221875 0.5226666671875 0.4391111109375 0.5226666671875 0.43288888906249995 0.5286666671875 0.43200000000000005 0.538 0.44266666718750003 0.5533333328125 0.4453333328125 0.5633333328125001 0.45599999999999996 0.5706666671875
1 0.40355555625 0.47866666718750006 0.40088888906250003 0.46666666718750005 0.3866666671875 0.4646666671875 0.377777778125 0.47533333281249995 0.377777778125 0.48333333281249996 0.384 0.49133333281249997 0.39644444375 0.49000000000000005 0.40355555625 0.47866666718750006
1 0.48 0.29933333281249996 0.47466666718750006 0.2866666671875 0.465777778125 0.2773333328125 0.44888888906249996 0.29533333281249996 0.4471111109375 0.30333333281249997 0.462222221875 0.31 0.470222221875 0.3093333328125 0.48 0.29933333281249996
1 0.4391111109375 0.438 0.44444444375 0.4313333328125 0.44977777812499997 0.4273333328125 0.454222221875 0.4286666671875 0.457777778125 0.42400000000000004 0.45599999999999996 0.404 0.45066666718750004 0.40133333281250005 0.4311111109375 0.4006666671875 0.4231111109375 0.40199999999999997 0.41955555625 0.40599999999999997 0.41511111093749997 0.4233333328125 0.41777777812499994 0.43333333281249997 0.42222222187499997 0.4373333328125 0.4391111109375 0.438
1 0.4 0.36666666718749996 0.3911111109375 0.3806666671875 0.3928888890625 0.38733333281250004 0.40533333281250006 0.38733333281250004 0.40533333281250006 0.372 0.4 0.36666666718749996
1 0.4533333328125 0.5066666671875 0.45599999999999996 0.5013333328125 0.4533333328125 0.49000000000000005 0.44177777812499996 0.48733333281249996 0.43288888906249995 0.49066666718749996 0.430222221875 0.49866666718749997 0.4346666671875 0.5073333328125 0.44444444375 0.5093333328125 0.4533333328125 0.5066666671875
1 0.536 0.5873333328125 0.5413333328125 0.588 0.5519999999999999 0.5746666671875 0.5546666671875 0.562 0.5475555562500001 0.528 0.5368888890625 0.522 0.53244444375 0.5226666671875 0.5111111109375 0.532 0.504 0.5406666671875 0.496 0.5446666671875 0.496 0.5573333328125 0.5013333328125 0.564 0.5271111109375 0.5733333328125 0.536 0.5873333328125
1 0.478222221875 0.7113333328125 0.4933333328125 0.686 0.49155555624999997 0.682 0.481777778125 0.678 0.473777778125 0.678 0.46044444375 0.682 0.45688888906249997 0.6866666671874999 0.45599999999999996 0.7013333328125 0.46399999999999997 0.712 0.46844444375 0.714 0.478222221875 0.7113333328125
1 0.6186666671875 0.7013333328125 0.638222221875 0.6773333328125 0.6471111109375001 0.6713333328125 0.6586666671875 0.6453333328124999 0.67555555625 0.648 0.6871111109375 0.642 0.6906666671874999 0.634 0.688 0.618 0.6968888890625 0.608 0.7022222218749999 0.584 0.6853333328125 0.5653333328125 0.6737777781250001 0.5626666671875 0.6568888890625 0.5693333328125 0.649777778125 0.576 0.63555555625 0.6026666671875 0.633777778125 0.6386666671875 0.6266666671875 0.646 0.6186666671875 0.6633333328125001 0.608 0.6713333328125 0.598222221875 0.6719999999999999 0.593777778125 0.6773333328125 0.593777778125 0.686 0.6 0.6973333328125 0.606222221875 0.7013333328125 0.6186666671875 0.7013333328125
1 0.5831111109375 0.874 0.5911111109375 0.8726666671875 0.608 0.834 0.6026666671875 0.8166666671874999 0.592 0.8073333328125001 0.5786666671875 0.8053333328125 0.5653333328125 0.8099999999999999 0.5546666671875 0.82 0.55644444375 0.8413333328125001 0.5786666671875 0.8546666671875001 0.5733333328125 0.8686666671875001 0.5831111109375 0.874
1 0.6311111109375 0.2066666671875 0.6293333328124999 0.2026666671875 0.648 0.1893333328125 0.6488888890625 0.1793333328125 0.654222221875 0.17733333281250002 0.65244444375 0.1646666671875 0.6586666671875 0.1626666671875 0.6613333328125 0.1506666671875 0.6737777781250001 0.1346666671875 0.68355555625 0.1273333328125 0.6888888890625 0.13333333281249998 0.69155555625 0.132 0.6933333328125 0.126 0.7031111109375 0.1173333328125 0.710222221875 0.1153333328125 0.7288888890624999 0.098 0.7386666671875 0.0926666671875 0.752 0.07466666718750001 0.75555555625 0.064 0.752 0.057999999999999996 0.742222221875 0.052000000000000005 0.7386666671875 0.024666667187499998 0.7448888890625 0.0126666671875 0.7413333328125 0 0.712 0.002 0.70044444375 0.008666667187500001 0.66844444375 0.0166666671875 0.6639999999999999 0.038 0.6551111109375001 0.0533333328125 0.6559999999999999 0.0786666671875 0.625777778125 0.1233333328125 0.6106666671875 0.134 0.60355555625 0.152 0.6044444437500001 0.194 0.614222221875 0.20600000000000002 0.62755555625 0.2106666671875 0.6311111109375 0.2066666671875