1 0.3958333328125 0 0.3536119796875 0.0028828125 0.36001822968749997 0.039396484375 0.3932291671875 0.0478515625 0.4088541671875 0.0546875 0.430484375 0.05573242187500001 0.429203125 0.0326708984375 0.4471393234375 0.029788085937499997 0.48173177031250003 0.0374755859375 0.51632421875 0.058615234375000005 0.5364583328125 0.080078125 0.5442708328125 0.08984375 0.546875 0.1083984375 0.5598958328125 0.1103515625 0.5651041671875 0.1064453125 0.5690104171875 0.078125 0.5638020828125 0.0703125 0.5794270828125 0.052734375 0.5807291671875 0.03125 0.5546875 0 0.3958333328125 0
1 0.489859375 0.15038671875 0.5074947921875 0.1430390625 0.5205572921875 0.1479375 0.5416666671875 0.1396484375 0.5442708328125 0.125 0.5247395828125 0.11328125 0.5009635421875 0.1190361328125 0.5035755203125001 0.127853515625 0.4765625 0.125 0.4544270828125 0.1513671875 0.45703125 0.1611328125 0.4700520828125 0.16796875 0.48790104218749997 0.16361328125000002 0.489859375 0.15038671875
1 0.5794270828125 0.166015625 0.5846354171875 0.1455078125 0.5716145828125 0.1376953125 0.5546875 0.1396484375 0.55078125 0.1455078125 0.5494791671875 0.171875 0.5520833328125 0.177734375 0.5638020828125 0.1787109375 0.5794270828125 0.166015625
1 0.5364583328125 0.19921875 0.5325520828125 0.19140625 0.51171875 0.1943359375 0.50390625 0.201171875 0.5013020828125 0.2158203125 0.5104166671875 0.2236328125 0.5325520828125 0.21875 0.5364583328125 0.19921875
1 0.41300651093749996 0.09828222656249999 0.4270833328125 0.103515625 0.4296875 0.0791015625 0.4114583328125 0.0615234375 0.3880208328125 0.056640625 0.3802083328125 0.06640625 0.3723958328125 0.0654296875 0.36328125 0.0703125 0.3684895828125 0.1083984375 0.3919270828125 0.11328125 0.3997552078125 0.10435546874999999 0.41300651093749996 0.09828222656249999
1 0.3932291671875 0.3115234375 0.4049479171875 0.33203125 0.4036458328125 0.35546875 0.4114583328125 0.3984375 0.4166666671875 0.3974609375 0.4244791671875 0.4091796875 0.4583333328125 0.4140625 0.4921875 0.412109375 0.5026041671875 0.416015625 0.5270833328125 0.4153369140625 0.53741796875 0.40241796875 0.4952174484375 0.383685546875 0.47196354218750003 0.3668916015625 0.5021067703125001 0.361078125 0.5184713546874999 0.3552646484375 0.51933203125 0.33782421875 0.5098580734375 0.3203837890625 0.4900494796875 0.319091796875 0.5003841140625 0.30488183593749996 0.4895833328125 0.279296875 0.4700520828125 0.2646484375 0.4713541671875 0.2470703125 0.4596354171875 0.2421875 0.4622395828125 0.22265625 0.3997395828125 0.22265625 0.3880208328125 0.2275390625 0.39453125 0.2470703125 0.3880208328125 0.2783203125 0.3932291671875 0.2890625 0.3932291671875 0.3115234375
1 0.49016927031249996 0.277369140625 0.5325520828125 0.26953125 0.5403645828125 0.2509765625 0.53125 0.2451171875 0.5141640625 0.2493310546875 0.50296875 0.24093359374999998 0.5081354171875 0.225431640625 0.4973958328125 0.21484375 0.484375 0.21484375 0.46484375 0.2265625 0.46379296875 0.23862792968750002 0.4731341140625 0.247283203125 0.4731341140625 0.2629443359375 0.49016927031249996 0.277369140625
1 0.5504947921875 0.2863095703125 0.5638020828125 0.294921875 0.5716145828125 0.2900390625 0.5755208328125 0.2548828125 0.5677083328125 0.236328125 0.5559895828125 0.2255859375 0.55078125 0.2275390625 0.5542447921875 0.24412304687500003 0.5467447921875 0.248623046875 0.53515625 0.279296875 0.5504947921875 0.2863095703125
1 0.5794270828125 0.3955078125 0.578125 0.3408203125 0.5716145828125 0.3251953125 0.5572916671875 0.330078125 0.55078125 0.3369140625 0.5416666671875 0.337890625 0.5299479171875 0.3515625 0.5247395828125 0.3505859375 0.50390625 0.3837890625 0.525765625 0.3934794921875 0.5426536453125 0.4103671875 0.5533854171875 0.408203125 0.5794270828125 0.3955078125
1 0.5481770828125 0.45703125 0.4934895828125 0.4287109375 0.4765625 0.4287109375 0.4518229171875 0.44140625 0.47848046875000005 0.465251953125 0.4817708328125 0.4892578125 0.546875 0.4814453125 0.5481770828125 0.45703125
1 0.3955325515625 0.5244677734375001 0.40393359375 0.523982421875 0.4007018234375 0.5569443359374999 0.3877760421875 0.5661533203125 0.3916536453125 0.5792412109375 0.38971484375 0.5869960937500001 0.3974713546875 0.5928134765624999 0.3919270828125 0.630859375 0.3880208328125 0.642578125 0.390625 0.669921875 0.3742044265625 0.67909375 0.3774361984375 0.6970283203125 0.3884739578125 0.707013671875 0.37882812499999996 0.7491054687500001 0.35953515625 0.79908984375 0.3761966140625 0.83855078125 0.41302734374999994 0.8221083984374999 0.4481041671875 0.8201357421875001 0.47791927031250003 0.82408203125 0.4700520828125 0.732421875 0.4856770828125 0.6904296875 0.4778645828125 0.67578125 0.4950338546875 0.66984375 0.50880078125 0.6676933593750001 0.5288776046875 0.665111328125 0.53461328125 0.6565078125 0.5288776046875 0.6483330078125 0.4973958328125 0.6455078125 0.49675390625000004 0.619939453125 0.5130208328125 0.6083984375 0.5130208328125 0.5947265625 0.50390625 0.5908203125 0.5104166671875 0.5771484375 0.5169270828125 0.5751953125 0.5182291671875 0.55859375 0.5052083328125 0.548828125 0.49609375 0.548828125 0.4895833328125 0.541015625 0.4908854171875 0.533203125 0.5026041671875 0.529296875 0.50390625 0.51953125 0.4869791671875 0.51171875 0.4739583328125 0.484375 0.4622395828125 0.482421875 0.4479166671875 0.48828125 0.4361979171875 0.4833984375 0.42578125 0.455078125 0.4153645828125 0.455078125 0.4114583328125 0.44921875 0.4075520828125 0.4501953125 0.40234375 0.46484375 0.3916536453125 0.4730869140625 0.3845455734375 0.48423535156249997 0.39811718749999997 0.49926171874999997 0.40393359375 0.5089560546875 0.3935924484375 0.5152578125 0.3955325515625 0.5244677734375001
1 0.6002604171875 0.51953125 0.6002604171875 0.5087890625 0.5952291671875 0.494666015625 0.5806484375000001 0.4882333984375 0.5892252609375 0.478583984375 0.5833333328125 0.4736328125 0.5729166671875 0.47265625 0.5651041671875 0.48046875 0.5638020828125 0.5166015625 0.5716145828125 0.5166015625 0.5794270828125 0.5224609375 0.6002604171875 0.51953125
1 0.5104166671875 0.8154296875 0.5091145828125 0.802734375 0.5 0.7958984375 0.4895833328125 0.796875 0.484375 0.8046875 0.484375 0.8212890625 0.4973958328125 0.826171875 0.5104166671875 0.8154296875
1 0.51953125 0.7763671875 0.5104166671875 0.763671875 0.5 0.7626953125 0.4921875 0.7685546875 0.4921875 0.7802734375 0.5013020828125 0.787109375 0.5169270828125 0.78515625 0.51953125 0.7763671875
1 0.53125 0.7314453125 0.5179778640625 0.73050390625 0.5026041671875 0.7353515625 0.5026041671875 0.748046875 0.5133893234375 0.7524453125 0.5294505203125001 0.74900390625 0.53125 0.7314453125
1 0.6223958328125 0.1318359375 0.6028645828125 0.140625 0.58984375 0.1533203125 0.5950520828125 0.1708984375 0.609375 0.173828125 0.6315104171875 0.1513671875 0.6223958328125 0.1318359375
1 0.625 0.1884765625 0.61328125 0.1748046875 0.6002604171875 0.1748046875 0.5768229171875 0.1923828125 0.5755208328125 0.2041015625 0.6015625 0.2138671875 0.6236979171875 0.1962890625 0.625 0.1884765625
1 0.609375 0.267578125 0.6145833328125 0.2353515625 0.5885416671875 0.2177734375 0.5703125 0.21875 0.5677083328125 0.2333984375 0.5755208328125 0.251953125 0.5963541671875 0.267578125 0.609375 0.267578125
1 0.6848958328125 0.224609375 0.6731770828125 0.2265625 0.6588541671875 0.2421875 0.6614583328125 0.251953125 0.6770833328125 0.25 0.6861979171875 0.240234375 0.6848958328125 0.224609375
1 0.6145833328125 0.32421875 0.5989583328125 0.328125 0.59375 0.3369140625 0.5911458328125 0.3466796875 0.5989583328125 0.3603515625 0.6171875 0.341796875 0.6145833328125 0.32421875