3 0.09912634375 0.258736559375 0.1152553765625 0.264448925 0.1293682796875 0.258736559375 0.139784946875 0.2439516125 0.14079301093750002 0.2318548390625 0.136760753125 0.21740591406249998 0.133064515625 0.210013440625 0.12399193593749999 0.20295698906249998 0.1142473125 0.20161290312500002 0.10752688125000001 0.203965053125 0.097110215625 0.20362903281250003 0.087365590625 0.20866935468749997 0.0809811828125 0.2177419359375 0.07963709687500001 0.2207661296875 0.0863575265625 0.244959678125 0.0877016125 0.24764784999999997 0.09912634375 0.258736559375
3 0.278561828125 0.073588709375 0.286962365625 0.0745967734375 0.3054435484375 0.0641801078125 0.3017473125 0.061155914062500004 0.301411290625 0.0463709671875 0.297715053125 0.0409946234375 0.29469086093749997 0.0389784953125 0.2849462359375 0.0372983875 0.27587365625000004 0.0379704296875 0.26982526875 0.04502688125 0.26881720468750003 0.048051075 0.2684811828125 0.056115590625 0.272513440625 0.0672043015625 0.27520161249999997 0.07157258125 0.278561828125 0.073588709375
3 0.23452285 0.127094421875 0.24039314531249997 0.1268007390625 0.24508938125 0.1235722453125 0.24685080625000003 0.121223790625 0.2489052421875 0.1177016125 0.2483198921875 0.11155913906249999 0.24697580624999999 0.10786290312499999 0.249663978125 0.1034946234375 0.2439516125 0.09912634375 0.233534946875 0.098790321875 0.2295026875 0.10282258124999999 0.2254704296875 0.1129032265625 0.225134409375 0.1165994625 0.22815860156249998 0.12432795625 0.22916666718749998 0.124663978125 0.23452285 0.127094421875
3 0.47412634374999996 0.318884409375 0.4784946234375 0.318884409375 0.48084677343750004 0.3145161296875 0.4845430109375 0.29939516093749996 0.4838709671875 0.286962365625 0.4784946234375 0.2832661296875 0.47412634374999996 0.28360215 0.46740591406250004 0.28629032187500003 0.463709678125 0.2916666671875 0.463709678125 0.30645161249999997 0.46606182812499997 0.3114919359375 0.47009408593749996 0.31686827968750003 0.47412634374999996 0.318884409375
3 0.4697580640625 0.24731182812500002 0.4845430109375 0.258064515625 0.49294354843750005 0.2597446234375 0.4952956984375 0.26243279531249997 0.4979838703125 0.2627688171875 0.49932795625 0.26142473125 0.4989919359375 0.2540322578125 0.503360215625 0.24932795625 0.50537634375 0.2439516125 0.5050403218749999 0.23622311875 0.50302419375 0.22883064531250003 0.49764785 0.2197580640625 0.4899193546875 0.2167338703125 0.485887096875 0.21740591406249998 0.483534946875 0.2127016125 0.4781586015625 0.20866935468749997 0.46639785 0.207661290625 0.45732526875 0.21337365625000002 0.453965053125 0.22110215000000003 0.4536290328125 0.225134409375 0.4563172046875 0.23487903281250003 0.46270161249999997 0.24462365625000002 0.4697580640625 0.24731182812500002
3 0.59377116875 0.3496680109375 0.598557459375 0.34700907187499996 0.6046733875 0.3454136421875 0.6065346109374999 0.34355241875 0.6098790328125 0.3390456984375 0.6115591390625 0.32493279531249997 0.610215053125 0.31787634374999996 0.6081989250000001 0.315188171875 0.6034946234375 0.31216397812499996 0.591061828125 0.3088037640625 0.5829973125000001 0.3125 0.5776209671875 0.32022849531249997 0.5776209671875 0.3340053765625 0.57997311875 0.3390456984375 0.5870295703124999 0.34879032187500003 0.59377116875 0.3496680109375
3 0.7009408609375 0.46942204375 0.7059811828125 0.46740591406250004 0.7110215046875 0.46270161249999997 0.7120997984375 0.4491176078125 0.7113020828125001 0.4445971109375 0.703965053125 0.4375 0.6972446234375 0.43615591406250004 0.6885080640625 0.4395161296875 0.68447580625 0.4469086015625 0.684139784375 0.45497311875 0.6885080640625 0.462365590625 0.6962365593750001 0.46807795625 0.7009408609375 0.46942204375
3 0.54032258125 0.520161290625 0.545362903125 0.520161290625 0.5527553765625 0.519489246875 0.5557795703124999 0.51747311875 0.55947580625 0.49731182812499997 0.5564516125 0.488239246875 0.5530913984375 0.4848790328125 0.54872311875 0.48319892500000006 0.5383064515625 0.483534946875 0.52889785 0.493615590625 0.5268817203125 0.5016801078124999 0.533043346875 0.5121014781250001 0.5369526203125 0.516568884375 0.54032258125 0.520161290625
3 0.5409946234375 0.5436827953125001 0.5463709671875 0.54032258125 0.5520833328125 0.5332661296875 0.553426746875 0.5288548390625001 0.5542644484375 0.5207573921875001 0.55370598125 0.5157311828125 0.5528682796875 0.51489348125 0.548387096875 0.5131048390624999 0.5436827953125001 0.5168010749999999 0.536962365625 0.5157930109375 0.53360215 0.5124327953125001 0.5319220437500001 0.5124327953125001 0.5275537640625 0.5151209671875 0.525537634375 0.5208333328125 0.5252016125 0.5252016125 0.5275537640625 0.5352822578125 0.53360215 0.5433467734375 0.5409946234375 0.5436827953125001
3 0.40188172031249997 0.5319220437500001 0.41493044375 0.5299717734375 0.41772278281249997 0.5227120296875001 0.41772278281249997 0.5140557796875 0.4171643140625 0.513218078125 0.4171643140625 0.510146840625 0.41688508124999996 0.5093091390625 0.41688508124999996 0.5076337359374999 0.416605846875 0.505399865625 0.41834677343750004 0.5067204296875001 0.41767473125 0.5047043015625 0.412634409375 0.500336021875 0.4052419359375 0.49932795625 0.398185484375 0.50235215 0.39381720468750003 0.505712365625 0.392137096875 0.5100806453125 0.391465053125 0.5151209671875 0.39381720468750003 0.5235215046875 0.3965053765625 0.52822580625 0.40188172031249997 0.5319220437500001
3 0.49395161249999997 0.6649865593750001 0.4983198921875 0.6629704296875001 0.50235215 0.65860215 0.5040322578125 0.653561828125 0.5040322578125 0.64717741875 0.49865591406250004 0.639112903125 0.4915994625 0.6377688171875 0.4848790328125 0.6384408609375 0.4811827953125 0.6404569890625 0.4788306453125 0.6454973125000001 0.4784946234375 0.650537634375 0.48302654531250006 0.6608377015625 0.48622311875 0.6622983875 0.49395161249999997 0.6649865593750001
3 0.5238575265625001 0.6804435484375 0.5319220437500001 0.673387096875 0.5329301078124999 0.6693548390624999 0.5302419359375 0.66532258125 0.51747311875 0.6518817203125 0.5144489250000001 0.650537634375 0.511760753125 0.6512096781250001 0.5077284953125 0.6582661296875 0.5077284953125 0.6706989250000001 0.5131048390624999 0.6790994625 0.517137096875 0.6807795703124999 0.5238575265625001 0.6804435484375
3 0.5360436828124999 0.7207063171875 0.5416666671875 0.7204301078124999 0.5490591390625 0.7140456984375 0.5517473125000001 0.70732526875 0.55107526875 0.69657258125 0.547715053125 0.690860215625 0.54032258125 0.6888440859375 0.530913978125 0.6922043015625 0.5275537640625 0.6979166671875 0.5268817203125 0.7053091390625 0.5306602828125 0.7176068546875001 0.5334334671875001 0.720380040625 0.5360436828124999 0.7207063171875
3 0.5917338703125 0.7432795703124999 0.59677419375 0.7399193546875 0.6008064515625 0.7321908609375 0.6008064515625 0.724462365625 0.59610215 0.7150537640625 0.58837365625 0.7137096781250001 0.5833333328125 0.7100134406249999 0.5769489250000001 0.716061828125 0.576612903125 0.72110215 0.5833333328125 0.7422715046875 0.5863575265625001 0.7436155906249999 0.5917338703125 0.7432795703124999
3 0.463709678125 0.70127688125 0.4677419359375 0.6975806453125 0.46875 0.6948924734374999 0.46740591406250004 0.6888440859375 0.463709678125 0.6861559140625 0.4583333328125 0.6864919359375 0.458067540625 0.691832325 0.45741498593749996 0.697378696875 0.45839381718750005 0.699988575 0.46035147812500005 0.7014569890625 0.463709678125 0.70127688125
3 0.48924731250000003 0.8713037640625 0.49395161249999997 0.869959678125 0.4979838703125 0.8659274187499999 0.5 0.8612231187500001 0.49966397812499996 0.8494623656250001 0.4983198921875 0.8457661296874999 0.4902553765625 0.8393817203125 0.47748655937500006 0.8424059140625 0.474462365625 0.8457661296874999 0.4724462359375 0.8508064515625 0.4724462359375 0.8612231187500001 0.4788306453125 0.8713037640625 0.48622311875 0.8743279562499999 0.48924731250000003 0.8713037640625
3 0.3329317875 0.9680608203125001 0.33755107500000003 0.9693044359374999 0.34270329374999997 0.9678834000000001 0.34696707031249996 0.96042170625 0.3485658609375 0.9543810484374999 0.3457661296875 0.945564515625 0.3417338703125 0.9418682796875 0.338037634375 0.940860215625 0.332661290625 0.9418682796875 0.32600336093750004 0.94816330625 0.325292675 0.9510057125 0.325292675 0.9574015453125 0.32760215000000004 0.9639747984374999 0.3292012765625 0.9653961687500001 0.3329317875 0.9680608203125001
3 0.3720168015625 0.992222446875 0.37148387031249996 0.989202284375 0.3681081984375 0.9836948921875001 0.3655913984375 0.9818548390625 0.35780409999999996 0.9828064515625 0.35265188125 0.986715053125 0.3494543015625 0.9931108875 0.34838810468750003 0.999663978125 0.369287634375 0.999663978125 0.37130611562500004 0.9941767468749999 0.3720168015625 0.992222446875
3 0.182290659375 0.906426746875 0.1854838703125 0.9002016125000001 0.18447580624999999 0.89482526875 0.1793803765625 0.8926686828125 0.1740890453125 0.8926686828125 0.1693266125 0.8984895828124999 0.1693266125 0.904574596875 0.1722368953125 0.906426746875 0.1799096109375 0.906691196875 0.182290659375 0.906426746875
3 0.11055107500000001 0.8622311828125 0.113239246875 0.8568548390625 0.1145833328125 0.8494623656250001 0.1122311828125 0.8444220437500001 0.1068548390625 0.8410618281250001 0.100134409375 0.840389784375 0.09375 0.8420698921875 0.091061828125 0.84375 0.0863575265625 0.8571908609375001 0.0897641125 0.862144825 0.0917338703125 0.8655913984374999 0.09946236562500001 0.868615590625 0.11055107500000001 0.8622311828125
4 0.3129375 0.59446875 0.3198924734375 0.6045026874999999 0.32594086093749997 0.6068548390624999 0.327799059375 0.602320228125 0.3272382390625 0.5969926078125 0.32751848125 0.5922254703125 0.3272382390625 0.58745866875 0.32667741875 0.5826915328125 0.3252752015625 0.57512063125 0.31882594062499997 0.564465053125 0.3109744625 0.5599784953125 0.2997311828125 0.5574596781250001 0.2970430109375 0.56014785 0.2963709671875 0.5645161296875 0.30107526875 0.57157258125 0.3030913984375 0.57997311875 0.3129375 0.59446875
3 0.19287634375 0.5379704296875001 0.2053091390625 0.5413306453125 0.2120295703125 0.5322580640625 0.21404569843750001 0.52587365625 0.212365590625 0.5154569890625 0.21068548437499998 0.511760753125 0.20497311875 0.5077284953125 0.1935483875 0.5077284953125 0.18817204375000002 0.5094086015625 0.1861559140625 0.511088709375 0.1831317203125 0.5191532265625 0.18279569843750001 0.5248655906249999 0.18447580624999999 0.531586021875 0.1875 0.5349462359375 0.19287634375 0.5379704296875001
3 0.9159946234375 0.057459678125000004 0.9193548390625 0.055443548437500004 0.9228918015625001 0.051386089062499994 0.9249472453124999 0.0448084671875 0.9223790328125 0.031922043750000004 0.9193548390625 0.0299059140625 0.9136424734374999 0.029569892187500002 0.905913978125 0.0325940859375 0.9008736562499999 0.0406586015625 0.9005376343749999 0.045698925 0.9035618281250001 0.0527553765625 0.9122983874999999 0.05712365625 0.9159946234375 0.057459678125000004
3 0.9509408609375001 0.0396505375 0.9532930109375 0.028561828125 0.952284946875 0.0235215046875 0.949260753125 0.020161290625 0.9469086015625001 0.0188172046875 0.9391801078125 0.018145160937499998 0.9348118281250001 0.01982526875 0.9297715046875 0.0241935484375 0.929435484375 0.0332661296875 0.9351478500000001 0.039314515625000004 0.9391801078125 0.0406586015625 0.9509408609375001 0.0396505375
3 0.9744623656250001 0.0406586015625 0.9781586015625001 0.038306451562499996 0.9825268812499999 0.028897850000000003 0.9838709671875 0.0218413984375 0.983198925 0.01747311875 0.9674059140625 0.014112903125000001 0.963709678125 0.014448925000000001 0.9610215046875 0.016801075 0.9613575265625001 0.0245295703125 0.969086021875 0.0389784953125 0.9704301078125 0.0406586015625 0.9744623656250001 0.0406586015625
3 0.7704973125000001 0.0329301078125 0.7752016125 0.03427419375 0.7792338703125 0.0329301078125 0.781586021875 0.0211693546875 0.778561828125 0.0161290328125 0.7668010749999999 0.00907258125 0.7631048390624999 0.008736559375 0.7570564515625 0.0124327953125 0.7536962359375 0.016801075 0.7547043015625 0.0292338703125 0.7584005375 0.033938171875 0.7651209671875 0.0349462359375 0.7704973125000001 0.0329301078125
3 0.4899193546875 0.06350806406250001 0.4899193546875 0.056115590625 0.48774327968750003 0.049689515625 0.4830359546875 0.0457668015625 0.47911323906250003 0.0457668015625 0.47547042968750003 0.045362903125 0.474462365625 0.048387096875 0.47571337343750003 0.063027553125 0.48068212343749994 0.0682580640625 0.4874818546875 0.06721169375 0.4899193546875 0.06350806406250001
3 0.028561828125 0.5974462359375 0.039314515625000004 0.5917338703125 0.044018817187499996 0.5836693546875 0.0396505375 0.57392473125 0.0292338703125 0.568212365625 0.0188172046875 0.5776209671875 0.014784946875 0.5850134406249999 0.014112903125000001 0.5890456984375 0.0151209671875 0.5927419359375 0.025201612499999998 0.5974462359375 0.028561828125 0.5974462359375
3 0 0.7889784953125 0.0040322578125000005 0.7909946234375 0.0033602156250000003 0.79872311875 0.0077284953125 0.8098118281250001 0.013440860937499998 0.8135080640625001 0.0204973125 0.8135080640625001 0.025201612499999998 0.8098118281250001 0.0302419359375 0.8004032265625 0.0302419359375 0.7956989250000001 0.025873656249999998 0.78662634375 0.023857526562500002 0.7715053765625 0.013776881250000001 0.764784946875 0.007056451562500001 0.7654569890625 0 0.7704973125000001 0 0.7889784953125
3 0.08803763437499999 0.829301075 0.09307795625000001 0.8299731187500001 0.09375 0.8259408609375001 0.0981182796875 0.8225806453125 0.09946236562500001 0.8185483874999999 0.09912634375 0.8108198921875 0.0954301078125 0.8030913984374999 0.0836693546875 0.804435484375 0.07997311875 0.8114919359374999 0.07963709687500001 0.8141801078125 0.08232526875 0.8215725812500001 0.085685484375 0.824260753125 0.08803763437499999 0.829301075
3 0.1777553765625 0.8192204296875 0.18817204375000002 0.8168682796875 0.1935483875 0.8111559140625 0.193884409375 0.8064516125000001 0.1885080640625 0.786962365625 0.1854838703125 0.7856182796875 0.1780913984375 0.7883064515625 0.1750672046875 0.7909946234375 0.16935483906249998 0.79267473125 0.1670026875 0.7970430109375 0.1681844765625 0.8023719765624999 0.1694556453125 0.8074556453125 0.17372311875 0.8172043015625 0.1777553765625 0.8192204296875
3 0.8881048390625 0.8481182796875 0.8968413984374999 0.847110215625 0.901209678125 0.8447580640625001 0.9052419359374999 0.837365590625 0.9052419359374999 0.8259408609375001 0.9038978500000001 0.823588709375 0.8961693546875 0.818884409375 0.8884408609375001 0.8185483874999999 0.8844086015625001 0.8202284953125 0.8786962359375 0.8299731187500001 0.878360215625 0.8366935484375 0.8803763437500001 0.8424059140625 0.883064515625 0.8457661296874999 0.8881048390625 0.8481182796875
3 0.90625 0.875 0.9166666671874999 0.8733198921875 0.9196908609375001 0.8756720437500001 0.9217069890625 0.8729838703125001 0.9200268812499999 0.8682795703125 0.9196908609375001 0.8571908609375001 0.9163306453125 0.8494623656250001 0.9136424734374999 0.848790321875 0.911290321875 0.8457661296874999 0.905913978125 0.843413978125 0.9002016125000001 0.84375 0.8938172046874999 0.848790321875 0.891801075 0.8541666671874999 0.8931451609375 0.863911290625 0.8961693546875 0.8689516125000001 0.901209678125 0.8733198921875 0.90625 0.875
3 0.868615590625 0.6639784953125 0.8739919359374999 0.6606182796875 0.8793682796875 0.6542338703125 0.8803763437500001 0.6502016125 0.8837365593750001 0.6461693546875 0.8840725812500001 0.64247311875 0.8776881718749999 0.6384408609375 0.874663978125 0.6323924734374999 0.8655913984374999 0.6286962359375 0.8534946234375 0.6313844093750001 0.8477822578125 0.6384408609375 0.8474462359375 0.6428091390625 0.851814515625 0.6572580640625 0.8608870968750001 0.6649865593750001 0.868615590625 0.6639784953125
3 0.7251344093750001 0.693212365625 0.7274865593750001 0.6982526874999999 0.7321908609375 0.7032930109375 0.7372311828125 0.7053091390625 0.741935484375 0.70497311875 0.7483198921875001 0.7002688171875 0.7520161296875 0.693212365625 0.75235215 0.6854838703125 0.7456317203125 0.6743951609375001 0.749663978125 0.667338709375 0.749663978125 0.656586021875 0.7479838703125 0.6545698921875001 0.7399193546875 0.6512096781250001 0.73622311875 0.6475134406249999 0.730510753125 0.6488575265625001 0.7247983875 0.653561828125 0.7237903218749999 0.655913978125 0.7234543015625 0.66532258125 0.72782258125 0.6770833328125 0.724462365625 0.68514785 0.7251344093750001 0.693212365625
3 0.9583333328125001 0.582661290625 0.9495967734375 0.5877016125 0.9502688171875 0.5917338703125 0.9627016125000001 0.5987903218749999 0.9697580640625001 0.5974462359375 0.976814515625 0.5927419359375 0.9899193546875 0.5947580640625 0.999663978125 0.5877016125 0.999663978125 0.5712365593750001 0.9939516125000001 0.5675403218749999 0.980510753125 0.5668682796875 0.9714381718749999 0.5709005375 0.9663978500000001 0.5675403218749999 0.95732526875 0.5665322578125 0.954301075 0.5675403218749999 0.952284946875 0.5722446234375 0.9536290328125 0.5759408609375 0.9586693546875 0.5776209671875 0.9596774187499999 0.5793010749999999 0.9583333328125001 0.582661290625
3 0.6770833328125 0.7113575265625001 0.6824596781250001 0.7113575265625001 0.6868279562499999 0.7086693546875 0.6891801078124999 0.7009408609375 0.6888440859375 0.6969086015625 0.6868279562499999 0.6918682796875 0.6827956984375 0.687163978125 0.673387096875 0.68514785 0.6656586015625 0.690860215625 0.6649865593750001 0.69657258125 0.6670026874999999 0.7032930109375 0.6723790328125 0.7093413984375 0.6770833328125 0.7113575265625001
3 0.323588709375 0.6838037640625 0.326612903125 0.6875 0.33467741875 0.6895161296875 0.3427419359375 0.6888440859375 0.34912634374999996 0.6814516125 0.350134409375 0.6693548390624999 0.3474462359375 0.661962365625 0.3417338703125 0.6545698921875001 0.338037634375 0.6542338703125 0.3333333328125 0.6626344093750001 0.32594086093749997 0.659610215625 0.32157258125 0.6693548390624999 0.3222446234375 0.6730510749999999 0.32022849531249997 0.6774193546875 0.3225806453125 0.679435484375 0.323588709375 0.6838037640625
3 0.37567204374999996 0.7204301078124999 0.37567204374999996 0.70497311875 0.36895161249999997 0.6979166671875 0.3595430109375 0.701612903125 0.35517473125 0.7090053765625 0.35517473125 0.7180779562499999 0.3588709671875 0.7258064515625 0.3652553765625 0.7288306453125 0.37567204374999996 0.7204301078124999