1 0.2826666671875 0.5286666671875 0.31022222187500004 0.524 0.3253333328125 0.5166666671875 0.3546666671875 0.48600000000000004 0.3573333328125 0.47800000000000004 0.353777778125 0.47400000000000003 0.3413333328125 0.47000000000000003 0.33688888906250003 0.472 0.32355555625 0.4693333328125 0.31822222187500004 0.47466666718750006 0.3111111109375 0.47466666718750006 0.296 0.488 0.2746666671875 0.48200000000000004 0.257777778125 0.48333333281249996 0.2488888890625 0.48733333281249996 0.246222221875 0.49400000000000005 0.25866666718750003 0.524 0.26755555625 0.5293333328125 0.2826666671875 0.5286666671875
1 0.35288888906250004 0.5853333328125 0.353777778125 0.572 0.3608888890625 0.5646666671875 0.361777778125 0.5559999999999999 0.350222221875 0.5513333328125001 0.334222221875 0.5526666671875 0.3173333328125 0.568 0.31555555625 0.584 0.321777778125 0.5993333328125 0.334222221875 0.5973333328125 0.35288888906250004 0.5853333328125
1 0.34488888906250004 0.40533333281250006 0.345777778125 0.4026666671875 0.36266666718749996 0.3993333328125 0.3671111109375 0.38133333281250004 0.3608888890625 0.37266666718749997 0.33688888906250003 0.37333333281250003 0.326222221875 0.3806666671875 0.32444444375 0.392 0.32977777812500003 0.3986666671875 0.34044444375 0.40133333281250005 0.34488888906250004 0.40533333281250006
1 0.3591111109375 0.422 0.35644444375 0.4186666671875 0.345777778125 0.41600000000000004 0.3386666671875 0.422 0.337777778125 0.438 0.3466666671875 0.43666666718749997 0.3573333328125 0.4306666671875 0.3591111109375 0.422
1 0.23733333281250002 0.40133333281250005 0.2346666671875 0.3886666671875 0.22400000000000003 0.38733333281250004 0.214222221875 0.3933333328125 0.21777777812500002 0.40800000000000003 0.2231111109375 0.4126666671875 0.23199999999999998 0.41333333281250006 0.23733333281250002 0.40133333281250005
1 0.6799999999999999 0.642 0.67644444375 0.6286666671875001 0.66755555625 0.6253333328124999 0.6639999999999999 0.6206666671875001 0.6666666671875 0.61 0.6631111109375001 0.606 0.65244444375 0.6046666671875001 0.6426666671875 0.6073333328125 0.632 0.6413333328124999 0.6311111109375 0.65 0.633777778125 0.6513333328125 0.6728888890625 0.6466666671875 0.6799999999999999 0.642
1 0.61955555625 0.5933333328125 0.6293333328124999 0.5886666671875 0.641777778125 0.5906666671874999 0.6471111109375001 0.5886666671875 0.649777778125 0.592 0.654222221875 0.584 0.662222221875 0.5793333328125 0.6648888890625 0.568 0.662222221875 0.5513333328125001 0.6293333328124999 0.54 0.6124444437500001 0.5446666671875 0.5928888890625 0.5646666671875 0.598222221875 0.5826666671875 0.6053333328125 0.5853333328125 0.6124444437500001 0.5933333328125 0.61955555625 0.5933333328125
1 0.61155555625 0.49866666718749997 0.624 0.49000000000000005 0.63555555625 0.45466666718750004 0.6213333328124999 0.4413333328125 0.6 0.44733333281250004 0.5928888890625 0.45866666718750004 0.5911111109375 0.4966666671875 0.59555555625 0.5013333328125 0.6026666671875 0.5013333328125 0.61155555625 0.49866666718749997
1 0.57244444375 0.5166666671875 0.57955555625 0.516 0.5928888890625 0.506 0.58844444375 0.49800000000000005 0.576 0.492 0.5546666671875 0.496 0.54844444375 0.5046666671875 0.5448888890625 0.522 0.5519999999999999 0.5273333328125 0.5608888890625 0.5253333328124999 0.57244444375 0.5166666671875
1 0.5528888890625 0.49466666718749996 0.574222221875 0.45533333281250005 0.57155555625 0.4446666671875 0.553777778125 0.45199999999999996 0.5395555562500001 0.48600000000000004 0.54044444375 0.49733333281250003 0.5475555562500001 0.49866666718749997 0.5528888890625 0.49466666718749996
1 0.6986666671874999 0.5073333328125 0.7093333328125 0.5073333328125 0.72355555625 0.5046666671875 0.7333333328125 0.49866666718749997 0.7333333328125 0.4693333328125 0.7386666671875 0.46266666718750005 0.7591111109375 0.45199999999999996 0.766222221875 0.454 0.7671111109375001 0.4566666671875 0.774222221875 0.4533333328125 0.78044444375 0.4446666671875 0.784 0.426 0.79555555625 0.40800000000000003 0.7911111109375 0.398 0.7911111109375 0.37333333281250003 0.7813333328125001 0.3613333328125 0.78044444375 0.3493333328125 0.7751111109375 0.3413333328125 0.766222221875 0.3413333328125 0.73155555625 0.37066666718749997 0.7031111109375 0.376 0.688 0.3886666671875 0.6773333328125 0.40800000000000003 0.6737777781250001 0.43 0.6693333328125 0.4306666671875 0.6719999999999999 0.43533333281250003 0.66755555625 0.4386666671875 0.6631111109375001 0.45466666718750004 0.662222221875 0.46666666718750005 0.6711111109375001 0.47466666718750006 0.688 0.5033333328125 0.6986666671874999 0.5073333328125