1 0.5879629625 0.54930555625 0.60555555625 0.5611111109375 0.6101851859375 0.56805555625 0.6259259265625 0.5763888890625 0.63148148125 0.5763888890625 0.64351851875 0.5666666671875 0.665740740625 0.571527778125 0.6740740734374999 0.56875 0.6870370375 0.553472221875 0.6888888890625 0.534722221875 0.6851851859375 0.5243055562500001 0.6666666671875 0.5006944437499999 0.6379629625 0.48125 0.6259259265625 0.48541666718750004 0.603703703125 0.4798611109375 0.584259259375 0.4895833328125 0.578703703125 0.497222221875 0.5759259265625001 0.5083333328124999 0.58055555625 0.5215277781250001 0.578703703125 0.53680555625 0.5879629625 0.54930555625
1 0.7351851859375 0.3895833328125 0.752777778125 0.39444444375 0.7787037031249999 0.3895833328125 0.8055555562500001 0.37430555625 0.8101851859375 0.365277778125 0.809259259375 0.35694444375 0.7824074078125001 0.33194444375 0.7787037031249999 0.3298611109375 0.7675925921875 0.3326388890625 0.7629629625 0.33888888906250003 0.753703703125 0.33819444375 0.7490740734375 0.325 0.7416666671875001 0.32083333281250004 0.7166666671875 0.3263888890625 0.7083333328125 0.33541666718749996 0.696296296875 0.34027777812500004 0.6981481484375001 0.35694444375 0.70648148125 0.3625 0.7231481484375 0.3923611109375 0.7351851859375 0.3895833328125
1 0.7879629625 0.28958333281250004 0.8148148140625 0.28125 0.8240740734375 0.2673611109375 0.825 0.2541666671875 0.8222222218749999 0.240277778125 0.80648148125 0.22291666718749997 0.7898148140625 0.22291666718749997 0.7870370375 0.2201388890625 0.7824074078125001 0.22291666718749997 0.7601851859375001 0.2673611109375 0.7601851859375001 0.2791666671875 0.777777778125 0.28819444375000003 0.7879629625 0.28958333281250004
1 0.9629629625 0.5020833328125 0.975 0.4861111109375 0.975 0.46388888906250003 0.9694444437499999 0.459722221875 0.959259259375 0.459027778125 0.922222221875 0.4770833328125 0.9111111109375001 0.48680555625000005 0.9074074078125 0.49375 0.9101851859375 0.4986111109375 0.9518518515625001 0.5076388890625 0.9629629625 0.5020833328125
1 0.503703703125 0.684722221875 0.55648148125 0.6861111109375 0.565740740625 0.647222221875 0.5111111109375 0.60625 0.50555555625 0.6048611109375 0.5018518515625 0.60694444375 0.4981481484375 0.6263888890625 0.4824074078125 0.6423611109375 0.477777778125 0.652777778125 0.478703703125 0.6659722218749999 0.497222221875 0.690972221875 0.503703703125 0.684722221875
1 0.5879629625 0.40138888906250003 0.5990740734375 0.39305555625 0.6083333328125 0.372222221875 0.6046296296875 0.3458333328125 0.5722222218749999 0.31736111093749997 0.5583333328125 0.31736111093749997 0.5481481484375 0.3125 0.540740740625 0.31597222187499996 0.5314814812499999 0.321527778125 0.5324074078125001 0.32569444375 0.5629629625 0.372222221875 0.5879629625 0.40138888906250003
1 0.8611111109375 0.12222222187500001 0.8648148140625 0.11319444375000001 0.8648148140625 0.09444444375 0.8574074078124999 0.0666666671875 0.8453703703125001 0.0673611109375 0.825 0.0875 0.8268518515625001 0.10138888906250001 0.8425925921875 0.1208333328125 0.8453703703125001 0.12291666718750001 0.8611111109375 0.12222222187500001
1 0.9120370375 0.1263888890625 0.9 0.11944444375 0.9009259265624999 0.10555555624999999 0.9064814812499999 0.097222221875 0.9046296296874999 0.0861111109375 0.896296296875 0.0826388890625 0.8861111109375001 0.084722221875 0.89351851875 0.1270833328125 0.896296296875 0.1291666671875 0.9083333328125001 0.12847222187500001 0.9120370375 0.1263888890625
1 0.7046296296875 0.09444444375 0.728703703125 0.060416667187499995 0.7268518515625 0.0486111109375 0.7166666671875 0.0416666671875 0.70555555625 0.03819444375 0.6972222218749999 0.0388888890625 0.6851851859375 0.05625 0.6833333328125 0.07638888906249999 0.690740740625 0.08819444374999999 0.6981481484375001 0.09375 0.7046296296875 0.09444444375
1 0.5175925921875 0.18680555625 0.54351851875 0.1770833328125 0.5425925921875 0.171527778125 0.50648148125 0.15555555625 0.49444444374999996 0.146527778125 0.48148148125 0.14236111093749998 0.4768518515625 0.14444444375 0.477777778125 0.1666666671875 0.49259259218749996 0.18194444375000002 0.509259259375 0.1875 0.5175925921875 0.18680555625
1 0.5675925921875 0.1548611109375 0.577777778125 0.1541666671875 0.58055555625 0.14236111093749998 0.5759259265625001 0.12847222187500001 0.5324074078125001 0.11944444375 0.5203703703125 0.1208333328125 0.509259259375 0.11736111093749999 0.5018518515625 0.11944444375 0.5 0.12361111093749999 0.5148148140625 0.1354166671875 0.5481481484375 0.1451388890625 0.5675925921875 0.1548611109375
1 0.5175925921875 0.23263888906250002 0.5120370375000001 0.2173611109375 0.51851851875 0.21597222187499998 0.4990740734375 0.20555555625 0.48055555625 0.20347222187499997 0.47592592656250005 0.20694444375 0.46666666718750005 0.2298611109375 0.46666666718750005 0.24375 0.47407407343749997 0.24583333281250003 0.49351851875 0.24375 0.5175925921875 0.23263888906250002
1 0.2898148140625 0.3298611109375 0.28611111093749997 0.3236111109375 0.26203703749999996 0.3104166671875 0.23611111093749998 0.31944444375000003 0.23148148124999998 0.3166666671875 0.22685185156249998 0.3229166671875 0.23055555625 0.33194444375 0.25555555625 0.3458333328125 0.28148148125 0.34444444375 0.2898148140625 0.3298611109375
1 0.25740740781250004 0 0.2601851859375 0.009027778125 0.246296296875 0.0333333328125 0.2509259265625 0.053472221875 0.2953703703125 0.09375 0.321296296875 0.09444444375 0.3296296296875 0.078472221875 0.334259259375 0.07569444374999999 0.3324074078125 0.06875 0.3398148140625 0.05069444375 0.3398148140625 0.0423611109375 0.3231481484375 0.02569444375 0.3296296296875 0.01875 0.325 0 0.25740740781250004 0
1 0.6564814812499999 0.6854166671875 0.6574074078125001 0.6791666671875001 0.65 0.66875 0.6370370375000001 0.6666666671875 0.6268518515625 0.6736111109375 0.6240740734375 0.6923611109375 0.6175925921875 0.70694444375 0.61851851875 0.7208333328125 0.63055555625 0.7118055562500001 0.64444444375 0.69375 0.6564814812499999 0.6854166671875
1 0.8129629625 0.653472221875 0.834259259375 0.625 0.8370370375 0.6125 0.834259259375 0.6048611109375 0.8259259265625 0.597222221875 0.8101851859375 0.5944444437499999 0.8018518515625 0.5986111109375 0.7805555562500001 0.5986111109375 0.7824074078125001 0.609027778125 0.7796296296875 0.6166666671875001 0.772222221875 0.63055555625 0.7638888890625 0.6347222218749999 0.7638888890625 0.65 0.7824074078125001 0.6583333328125 0.7990740734374999 0.66180555625 0.8129629625 0.653472221875
1 0.725 0.5951388890625 0.7388888890625 0.5875 0.740740740625 0.5722222218749999 0.7370370375 0.559722221875 0.725 0.5520833328125 0.7129629625 0.5520833328125 0.703703703125 0.5645833328125 0.6851851859375 0.5729166671875 0.6805555562500001 0.5798611109375 0.6805555562500001 0.5875 0.7009259265625001 0.5979166671875 0.7111111109375 0.59930555625 0.725 0.5951388890625