4 0.20192307656250003 0.48979591874999995 0.24038461562500002 0.41224489843749995 0.193283653125 0.4423428578125 0.10576923125 0.465306121875 0.052884615625 0.51020408125 0.04326923125 0.5428571421874999 0.0625 0.56326530625 0.1105769234375 0.555102040625 0.20192307656250003 0.48979591874999995
4 0.39423076875 0.5224489796875 0.259615384375 0.5510204078125 0.10576923125 0.653061225 0.091346153125 0.6734693875 0.23557692343749997 0.6408163265625 0.346153846875 0.58367346875 0.39423076875 0.5224489796875
4 0.572115384375 0.51020408125 0.4615384609375 0.5387755109375 0.47115384687499995 0.56326530625 0.533653846875 0.5673469390625 0.7644230765625 0.5510204078125 0.572115384375 0.51020408125
4 0.2680480765625 0.850897959375 0.32437499999999997 0.8014244890625 0.3845865390625 0.7404122453124999 0.1923076921875 0.8 0.1243125 0.8476000000000001 0.0673076921875 0.9061224484375 0.0625 0.9306122453125001 0.1553894234375 0.9119102046875 0.2115384609375 0.881632653125 0.2680480765625 0.850897959375
4 0.9471153843750001 0.3142857140625 0.8990384609375001 0.297959184375 0.8798076921875 0.3142857140625 0.7451923078125 0.3306122453125 0.58173076875 0.391836734375 0.5480769234375 0.41224489843749995 0.783653846875 0.41224489843749995 0.8846153843750001 0.37551020468749996 0.9471153843750001 0.3142857140625
4 0.5807644234375 0.3660816328125 0.6201923078125 0.3428571421875 0.6923076921875 0.2571428578125 0.572115384375 0.28979591875 0.4759615390625 0.36326530625000003 0.3605769234375 0.4693877546875 0.43508653906249994 0.44853469375 0.49530288437500003 0.41390612187500003 0.5807644234375 0.3660816328125
4 0.8028846156249999 0.63673469375 0.8605769234375 0.555102040625 0.6826923078125 0.6122448984375 0.572115384375 0.6979591843749999 0.572115384375 0.7142857140625 0.6105769234375 0.718367346875 0.721153846875 0.68979591875 0.8028846156249999 0.63673469375
4 0.8653846156249999 0.9265306125 0.8509615390624999 0.8408163265624999 0.759615384375 0.718367346875 0.7740384609375 0.8571428578125 0.8028846156249999 0.9306122453125001 0.8509615390624999 0.971428571875 0.8653846156249999 0.9265306125
4 0.509615384375 0.8204081625 0.5 0.7877551015625001 0.46634615312500005 0.7959183671875001 0.427884615625 0.8326530609375 0.3605769234375 0.9469387749999999 0.35576923125 0.9755102046875 0.3798076921875 0.9755102046875 0.48076923125000004 0.88979591875 0.509615384375 0.8204081625
4 0.963658653125 0.56892653125 0.98076923125 0.5387755109375 0.9855769234375 0.48979591874999995 0.9375 0.3510204078125 0.89423076875 0.3795918375 0.875 0.5755102046875 0.9027355765625 0.595571428125 0.9278846156249999 0.591836734375 0.963658653125 0.56892653125
4 0.688591346875 0.8870857140625 0.7355769234375 0.918367346875 0.6875 0.78367346875 0.6664375 0.749163265625 0.625 0.718367346875 0.60576923125 0.718367346875 0.60551923125 0.7820775515625 0.625 0.828571428125 0.688591346875 0.8870857140625