4 0.2125 0.6329113921875 0.22989 0.633378340625 0.23500000000000001 0.630098453125 0.221555 0.6154050640625 0.18 0.5935302390625 0.045 0.569620253125 0.08249999999999999 0.594936709375 0.10904 0.6075907171875 0.145 0.6188466953125 0.2125 0.6329113921875
4 0.26 0.66947960625 0.21749999999999997 0.6610407875 0.1525 0.6610407875 0.0975 0.6722925453124999 0.09 0.6765119546875 0.11750000000000001 0.6849507734375 0.155 0.6849507734375 0.26 0.66947960625
4 0.37 0.59212376875 0.3675 0.5794655421875 0.34032 0.5814120953125 0.3075 0.5893108296875 0.22749999999999998 0.6399437406249999 0.2225 0.65260196875 0.31 0.62587904375 0.3486525 0.6083727140625 0.37 0.59212376875
4 0.4725 0.7665260203125001 0.45999999999999996 0.6947960625 0.4425 0.71308016875 0.42000000000000004 0.7735583687500001 0.4175 0.822784809375 0.42750000000000005 0.82559775 0.45499999999999996 0.80028129375 0.4725 0.7665260203125001
4 0.365 0.7454289734375 0.3875 0.7229254578125001 0.40750000000000003 0.677918425 0.40750000000000003 0.6554149078125 0.39249999999999996 0.6286919828124999 0.38 0.617440225 0.3675 0.6272855140625 0.3675 0.665260196875 0.3525 0.7032348796875 0.3525 0.734177215625 0.365 0.7454289734375
4 0.62 0.71308016875 0.6025 0.6793248937499999 0.58 0.691983121875 0.575 0.7116736984375 0.5725 0.744022503125 0.5875 0.80028129375 0.62 0.7454289734375 0.62 0.71308016875
4 0.65 0.6272855140625 0.585 0.6455696203125 0.5025000000000001 0.700421940625 0.5 0.7074542890625 0.5974999999999999 0.6891701828125 0.6475 0.64416315 0.65 0.6272855140625
4 0.7925 0.7721518984375 0.77 0.73980309375 0.7375 0.7158931078124999 0.675 0.690576653125 0.6375 0.6849507734375 0.6475 0.7032348796875 0.6900000000000001 0.7327707453125 0.7625 0.76511955 0.7925 0.7721518984375
4 0.5525 0.6610407875 0.5125 0.6118143453125 0.465 0.58368495 0.4325 0.5738396625 0.4225 0.5766526015625 0.44749999999999995 0.6033755281250001 0.5475 0.6680731359375 0.5525 0.6610407875
4 0.765 0.7060478203125 0.805 0.71308016875 0.79 0.691983121875 0.75 0.6680731359375 0.6575 0.6427566812500001 0.6525000000000001 0.646976090625 0.6625 0.6554149078125 0.72 0.6891701828125 0.765 0.7060478203125
4 0.8400000000000001 0.6413502109375 0.8875 0.6511955 0.8699999999999999 0.621659634375 0.79 0.5682137828125 0.7775000000000001 0.5639943734374999 0.7775000000000001 0.5808720109375 0.8025 0.6160337546875 0.8400000000000001 0.6413502109375
4 0.61 0.5203938109374999 0.5825 0.4978902953125 0.5325 0.47257383906249995 0.5650000000000001 0.5246132203125 0.5900000000000001 0.5471167375 0.6174999999999999 0.5555555562500001 0.61 0.5203938109374999
4 0.8625 0.50492264375 0.8525 0.46835442968749996 0.8324999999999999 0.447257384375 0.8175000000000001 0.4866385375 0.8150000000000001 0.5414908578125 0.8324999999999999 0.5555555562500001 0.8474999999999999 0.5471167375 0.8625 0.50492264375
4 0.78 0.5161744015624999 0.78 0.4599156125 0.7375 0.5091420531249999 0.7375 0.544303796875 0.75 0.5639943734374999 0.765 0.551336146875 0.78 0.5161744015624999
4 0.7474999999999999 0.4022503515625 0.7224999999999999 0.4261603375 0.72 0.49507735625000004 0.78 0.4233473984375 0.7775000000000001 0.40506329062499996 0.7474999999999999 0.4022503515625
4 0.34500000000000003 0.5133614625 0.275 0.535864978125 0.21749999999999997 0.58227848125 0.2125 0.5935302390625 0.2225 0.594936709375 0.27749999999999997 0.5738396625 0.34500000000000003 0.5133614625
4 0.4225 0.551336146875 0.425 0.5288326296875 0.41500000000000004 0.517580871875 0.3975 0.5232067515625001 0.37 0.56540084375 0.3675 0.586497890625 0.3775 0.5907173 0.4067925 0.572142053125 0.4225 0.551336146875
4 0.5325 0.4205344578125 0.49190500000000004 0.41819690625000006 0.45698249999999996 0.4165133609375 0.40809249999999997 0.4204430375 0.3725 0.42897327656249995 0.35750000000000004 0.43741209531249997 0.3562075 0.445142053125 0.37 0.447257384375 0.5325 0.4205344578125
4 0.5475 0.447257384375 0.5625 0.4149085796875 0.48250000000000004 0.44444444375 0.44000000000000006 0.48101265781249997 0.44000000000000006 0.48804500781250004 0.4625 0.48804500781250004 0.5175 0.46835442968749996 0.5475 0.447257384375
4 0.2225 0.438818565625 0.22999999999999998 0.4106891703125 0.16999999999999998 0.4360056265625 0.15 0.4528832625 0.14750000000000002 0.46835442968749996 0.16 0.473980309375 0.1775 0.47257383906249995 0.2225 0.438818565625
4 0.43499999999999994 0.3277074546875 0.41500000000000004 0.3277074546875 0.3825 0.3403656828125 0.3225 0.39099859375 0.29 0.42475386718749997 0.3225 0.413502109375 0.40750000000000003 0.36427566875 0.43499999999999994 0.3277074546875
4 0.5754425000000001 0.330818565625 0.573645 0.32727848125 0.53768 0.33284247499999997 0.4767575 0.3468270046875 0.4067575 0.37636286874999997 0.3867575 0.3904275671875 0.4892575 0.380582278125 0.5542575000000001 0.353859353125 0.5754425000000001 0.330818565625
4 0.6174999999999999 0.41209564062500004 0.62 0.3895921234375 0.5700000000000001 0.3403656828125 0.5599999999999999 0.353023909375 0.5700000000000001 0.41912798906250004 0.5925 0.4261603375 0.6174999999999999 0.41209564062500004
4 0.825 0.3811533046875 0.8025 0.3670886078125 0.7125 0.3361462734375 0.6174999999999999 0.3234880453125 0.62 0.334739803125 0.6775 0.3586497890625 0.7275 0.3713080171875 0.825 0.3811533046875
4 0.7175 0.41912798906250004 0.6799999999999999 0.38677918437500003 0.645 0.3670886078125 0.625 0.3656821375 0.625 0.382559775 0.6375 0.3980309421875 0.7150000000000001 0.42897327656249995 0.7175 0.41912798906250004
4 0.745 0.6427566812500001 0.735 0.6286919828124999 0.6425 0.5639943734374999 0.625 0.5583684953125 0.6275000000000001 0.5794655421875 0.6575 0.6075949359374999 0.6950000000000001 0.6272855140625 0.745 0.6427566812500001
4 0.55 0.544303796875 0.505 0.500703234375 0.485 0.4894514765625 0.46749999999999997 0.4894514765625 0.4625 0.4978902953125 0.48250000000000004 0.52180028125 0.525 0.5400843875 0.55 0.544303796875
4 0.20750000000000002 0.544303796875 0.1975 0.5302391 0.1625 0.5147679328125 0.11750000000000001 0.5105485234375 0.0775 0.517580871875 0.075 0.52180028125 0.095 0.5288326296875 0.1975 0.5471167375 0.20750000000000002 0.544303796875
4 0.2975 0.49367088593749997 0.28250000000000003 0.49367088593749997 0.2475 0.507735584375 0.20750000000000002 0.5471167375 0.20249999999999999 0.5724331921875 0.26749999999999996 0.5400843875 0.2925 0.5147679328125 0.2975 0.49367088593749997
4 0.325 0.43741209531249997 0.3075 0.43741209531249997 0.26 0.4542897328125 0.195 0.500703234375 0.1875 0.5119549921875 0.27 0.48382559843750006 0.31 0.4599156125 0.325 0.43741209531249997
4 0.305 0.6540084390625001 0.27999999999999997 0.6680731359375 0.2625 0.7046413499999999 0.26 0.734177215625 0.2725 0.7749648375 0.305 0.700421940625 0.305 0.6540084390625001
4 0.2225 0.75668073125 0.2125 0.731364275 0.18 0.700421940625 0.145 0.682137834375 0.125 0.6835443031249999 0.12 0.691983121875 0.1325 0.7046413499999999 0.2 0.7510548515625 0.2225 0.75668073125