4 0.3854166671875 0.4984375 0.40520833281249996 0.4734375 0.4135416671875 0.4390625 0.4114583328125 0.41796875 0.40520833281249996 0.41015625 0.3895833328125 0.4203125 0.3791666671875 0.434375 0.371875 0.4546875 0.3385416671875 0.5125 0.3375 0.51953125 0.34375 0.521875 0.3645833328125 0.515625 0.3854166671875 0.4984375
4 0.4135416671875 0.765625 0.40729166718750004 0.75078125 0.3802083328125 0.72734375 0.3552083328125 0.7140625 0.3375 0.71328125 0.3395833328125 0.73203125 0.3614583328125 0.7546875 0.3958333328125 0.765625 0.4135416671875 0.765625
4 0.3010416671875 0.709375 0.321875 0.70625 0.3229166671875 0.70078125 0.2958333328125 0.68046875 0.2763427078125 0.6760765625 0.2497802078125 0.6690070312499999 0.2364583328125 0.66875 0.2364583328125 0.678125 0.2427083328125 0.6859375 0.2708333328125 0.70234375 0.3010416671875 0.709375
4 0.4614583328125 0.6234375 0.46979166718750004 0.61953125 0.478125 0.60625 0.4760416671875 0.5890625 0.4635416671875 0.58671875 0.438359375 0.6077375 0.434375 0.61875 0.44375 0.62265625 0.45533437499999996 0.6238382812500001 0.4614583328125 0.6234375
4 0.49375 0.39609375 0.490625 0.38359375 0.478125 0.3671875 0.459375 0.3609375 0.45729166718750003 0.346875 0.44166666718750003 0.3375 0.4302083328125 0.33515625 0.43333333281249997 0.35 0.45416666718750004 0.37578125 0.47291666718750003 0.3890625 0.49375 0.39609375
4 0.9731875000000001 0.47246796875 0.9989583328125 0.46875 0.9989583328125 0.465625 0.9895833328125001 0.46015625 0.9531072921874999 0.45355468749999994 0.903140625 0.45425546875 0.90625 0.4640625 0.93125 0.465625 0.946875 0.47109375 0.9731875000000001 0.47246796875
4 0.2208333328125 0.21953125 0.25833333281250004 0.14375 0.2604166671875 0.13828125 0.25625 0.134375 0.2427083328125 0.13671875 0.228125 0.14453125 0.20833333281250002 0.16953125 0.19479166718750002 0.1984375 0.19583333281249998 0.22109375 0.2052083328125 0.23203125 0.215625 0.228125 0.2208333328125 0.21953125
4 0.040625 0.05 0.04375 0.040625 0.0333333328125 0.02734375 0.0208333328125 0.0203125 0.0041666671875 0.0203125 0 0.02578125 0.014583332812499999 0.0453125 0.0270833328125 0.05078125 0.040625 0.05
4 0.1739583328125 0.5375 0.18020833281249998 0.51328125 0.17916666718750002 0.4859375 0.1697916671875 0.46796875 0.1614583328125 0.4609375 0.153125 0.465625 0.14375 0.48515625 0.14375 0.51015625 0.153125 0.534375 0.1697916671875 0.540625 0.1739583328125 0.5375
4 0.8291666671875 0.23828125 0.846875 0.22421875 0.8375 0.21796875 0.8166666671874999 0.21875 0.7885416671875001 0.2265625 0.7729166671875001 0.2359375 0.771875 0.23984375 0.7791666671875 0.24296875 0.8 0.24453125 0.8291666671875 0.23828125
4 0.5286125 0.9138320312499999 0.5196208328125 0.9075695312500001 0.521875 0.90078125 0.5333333328125 0.8890625 0.5625 0.8703125 0.5625 0.86484375 0.5552083328124999 0.86171875 0.5427083328125 0.8640625 0.5052083328125 0.8921875 0.46979166718750004 0.9265625 0.46979166718750004 0.93359375 0.484375 0.93359375 0.515625 0.921875 0.5286125 0.9138320312499999