4 0.8270833328125 0.6328125 0.84375 0.60546875 0.8541666671874999 0.56484375 0.8489583328125001 0.51484375 0.8416666671874999 0.49296875 0.8333333328125001 0.48515625 0.825 0.490625 0.8104166671874999 0.51640625 0.7989583328125 0.56640625 0.7979166671875 0.5859375 0.8052083328125 0.63828125 0.8145833328125001 0.64140625 0.8270833328125 0.6328125
4 0.6989583328125 0.56953125 0.7052083328125 0.56015625 0.7239583328125 0.5078125 0.7270833328124999 0.4734375 0.725 0.46015625 0.7166666671875 0.4484375 0.7104166671875001 0.45 0.6947916671875001 0.46640625 0.6802083328124999 0.4921875 0.671875 0.5234375 0.671875 0.5796875 0.6739583328125 0.5828125 0.68125 0.5828125 0.6989583328125 0.56953125
4 0.5885416671875 0.553125 0.596875 0.55703125 0.603125 0.55625 0.6104166671875 0.54453125 0.6135416671875 0.5171875 0.5979166671875 0.4828125 0.5833333328125 0.475 0.5572916671875 0.49296875 0.55625 0.503125 0.5614583328125 0.51796875 0.575 0.5421875 0.5885416671875 0.553125
4 0.72794375 0.69054453125 0.7441375 0.68418203125 0.75 0.6703125 0.746875 0.66796875 0.7083333328125 0.6671875 0.6802083328124999 0.671875 0.646875 0.68359375 0.6302083328125 0.696875 0.6291666671875 0.70078125 0.6333333328124999 0.70390625 0.6572916671875 0.7078125 0.72794375 0.69054453125
4 0.6083333328125 0.70546875 0.596875 0.71015625 0.584375 0.72421875 0.5708333328124999 0.74765625 0.5635416671875 0.77421875 0.5635416671875 0.796875 0.5802083328125 0.78828125 0.609375 0.73828125 0.6083333328125 0.70546875
4 0.8989583328125 0.6890625 0.9166666671874999 0.69375 0.9229166671875 0.684375 0.909375 0.65078125 0.8760416671875 0.60859375 0.8604166671875 0.59921875 0.8625 0.61953125 0.859375 0.62734375 0.8625 0.6359375 0.8989583328125 0.6890625
4 0.696875 0.66015625 0.696875 0.6390625 0.6854166671875 0.61875 0.6791666671875001 0.61875 0.671875 0.62421875 0.665625 0.6359375 0.665625 0.6578125 0.6833333328125 0.6703125 0.6916666671875 0.66953125 0.696875 0.66015625
4 0.5447916671875 0.66171875 0.571875 0.66171875 0.5645833328125 0.64765625 0.5583333328125 0.6453125 0.5572916671875 0.6390625 0.521875 0.609375 0.48229166718750005 0.5890625 0.478125 0.5921875 0.4875 0.62421875 0.5104166671875 0.6484375 0.5229166671875001 0.65546875 0.5447916671875 0.66171875
4 0.5166666671875 0.71484375 0.528125 0.70546875 0.534375 0.6875 0.521875 0.6828125 0.4916666671875 0.684375 0.459375 0.69921875 0.4458333328125 0.7140625 0.4458333328125 0.71875 0.45104166718750005 0.72109375 0.49375 0.72109375 0.5166666671875 0.71484375
4 0.9583333328125001 0.4515625 0.9697916671875 0.446875 0.971875 0.4421875 0.9604166671875 0.4390625 0.9791666671874999 0.41328125 0.9875 0.39375 0.9854166671875 0.37734375 0.96875 0.38125 0.9510416671874999 0.390625 0.9354166671874999 0.39140625 0.9041666671874999 0.4453125 0.9 0.4546875 0.9041666671874999 0.4609375 0.9458333328125 0.45078125 0.9583333328125001 0.4515625
4 0.6958333328124999 0.44296875 0.728125 0.409375 0.73125 0.39921875 0.725 0.396875 0.7104166671875001 0.3984375 0.66875 0.41015625 0.6364583328125 0.42890625 0.6145833328125 0.44765625 0.6104166671875 0.45859375 0.6125 0.465625 0.63125 0.465625 0.6958333328124999 0.44296875
4 0.571875 0.465625 0.5864583328124999 0.46484375 0.5854166671875001 0.4328125 0.5739583328125 0.4109375 0.5416666671875 0.378125 0.53125 0.3734375 0.5229166671875001 0.3734375 0.51875 0.378125 0.5166666671875 0.3953125 0.5208333328125 0.41328125 0.5416666671875 0.44375 0.571875 0.465625
4 0.51305 0.5140859375 0.5221666671875 0.50413984375 0.5345989578125 0.49046406249999996 0.5447916671875 0.4703125 0.54375 0.4625 0.5072916671875001 0.46953125 0.4608333328125 0.501653125 0.453125 0.5328125 0.47291666718750003 0.534375 0.4916666671875 0.52890625 0.51305 0.5140859375
4 0.43541666718750005 0.52890625 0.4479166671875 0.53046875 0.45208333281249996 0.50859375 0.4479166671875 0.49765625 0.4322916671875 0.4796875 0.396875 0.4578125 0.3864583328125 0.45390625 0.3739583328125 0.45625 0.375 0.475 0.3916666671875 0.50234375 0.40729166718750004 0.5171875 0.43541666718750005 0.52890625
4 0.278125 0.5234375 0.304465625 0.5280578125 0.32083333281250004 0.53046875 0.34130937499999997 0.52866484375 0.3614583328125 0.52109375 0.3479166671875 0.51015625 0.30520833281250004 0.503125 0.26875 0.50390625 0.2552083328125 0.51015625 0.253125 0.51484375 0.259375 0.51875 0.2660020828125 0.5195554687499999 0.278125 0.5234375
4 0.2604166671875 0.50546875 0.265625 0.49140625 0.2677083328125 0.4640625 0.2635416671875 0.4484375 0.25625 0.43828125 0.24479166718749998 0.4453125 0.23333333281250002 0.46015625 0.2208333328125 0.49609375 0.2208333328125 0.509375 0.23541666718749998 0.51953125 0.24895833281250002 0.5171875 0.2604166671875 0.50546875
4 0.1177083328125 0.571875 0.12036875 0.5451625 0.1197916671875 0.5078125 0.1166666671875 0.496875 0.10625 0.48515625 0.1 0.48984375 0.0916666671875 0.515625 0.0927083328125 0.58046875 0.09895833281250001 0.596875 0.1145833328125 0.5875 0.1177083328125 0.571875
4 0.22916666718749998 0.6375 0.23854166718749997 0.63203125 0.2375 0.621875 0.2322916671875 0.615625 0.2052083328125 0.59921875 0.1729166671875 0.59296875 0.14895833281249998 0.59296875 0.1354166671875 0.59765625 0.1354166671875 0.603125 0.14791666718750002 0.6171875 0.184375 0.63359375 0.22916666718749998 0.6375
4 0.21979166718749998 0.70703125 0.25 0.66015625 0.24583333281250003 0.64140625 0.23541666718749998 0.6390625 0.2104166671875 0.65546875 0.1875 0.6875 0.1822916671875 0.70625 0.18125 0.71640625 0.1875 0.721875 0.2 0.71875 0.21979166718749998 0.70703125
4 0.11041666718750001 0.45625 0.1354166671875 0.4359375 0.15 0.39609375 0.14895833281249998 0.371875 0.140625 0.35859375 0.13125 0.3515625 0.1197916671875 0.353125 0.0875 0.40703125 0.08645833281250001 0.428125 0.090625 0.446875 0.0958333328125 0.4546875 0.11041666718750001 0.45625
4 0.440625 0.615625 0.45416666718750004 0.61171875 0.465625 0.58125 0.4375 0.58359375 0.40833333281249995 0.59453125 0.4 0.6015625 0.3958333328125 0.628125 0.4 0.634375 0.40833333281249995 0.6359375 0.440625 0.615625
4 0.846875 0.328125 0.8739583328125 0.31640625 0.8729166671874999 0.3109375 0.8645833328125001 0.3046875 0.8427083328125 0.3 0.7927083328125 0.30078125 0.7666666671875 0.30625 0.7541666671875 0.3125 0.75 0.31796875 0.7552083328125 0.32265625 0.7958333328125 0.33046875 0.846875 0.328125
4 0.7270833328124999 0.23515625 0.740625 0.240625 0.74375 0.24765625 0.7489583328125 0.24765625 0.7541666671875 0.2421875 0.7489583328125 0.20859375 0.7260416671875001 0.18125 0.6947916671875001 0.15625 0.6708333328125 0.1453125 0.6572916671875 0.14375 0.65625 0.15625 0.68125 0.19296875 0.70625 0.2125 0.7270833328124999 0.23515625
4 0.4322916671875 0.19375 0.39519895781250003 0.18467109375 0.40137395781249996 0.19798515625 0.3944270828125 0.20377421875 0.3967427078125 0.21651015624999997 0.3712708328125 0.21593125 0.36432395781250004 0.22519375 0.3729166671875 0.24296875 0.3729166671875 0.24765625 0.3947916671875 0.2625 0.43125 0.27890625 0.44166666718750003 0.278125 0.4479166671875 0.271875 0.46875 0.270703125 0.46979166718750004 0.2765625 0.48125 0.2734375 0.5041666671875 0.25625 0.509375 0.24375 0.5449427078125 0.22808828124999997 0.5688708328125001 0.20608984375 0.5495739578125 0.20608984375 0.503125 0.21796875 0.49791666718750005 0.20703125 0.503125 0.18203125 0.5020833328125 0.15546875 0.49791666718750005 0.15 0.48541666718750004 0.15390625 0.48229166718750005 0.15 0.4604166671875 0.14453125 0.4584927078125 0.13835859374999998 0.44459895781250003 0.13372734375 0.4114083328125 0.13372734375 0.4183552078125 0.15341015625 0.4584927078125 0.18988125 0.4523177078125 0.2055109375 0.4322916671875 0.19375
4 0.4166666671875 0.34609375 0.41041666718750003 0.33515625 0.40416666718750005 0.334375 0.3916666671875 0.33984375 0.3729166671875 0.37109375 0.3729166671875 0.38125 0.3791666671875 0.38515625 0.40520833281249996 0.36484375 0.4166666671875 0.34609375
4 0.646875 0.11015625 0.65 0.11484375 0.6864583328125 0.10234375 0.6979166671875 0.09375 0.6989583328125 0.08671875 0.6833333328125 0.08203125 0.6604166671875 0.08203125 0.6177083328124999 0.09375 0.6020833328124999 0.1046875 0.6104166671875 0.12109375 0.6260416671875 0.12109375 0.6364583328125 0.10703125 0.646875 0.11015625
4 0.2552083328125 0.634375 0.271875 0.62578125 0.2770833328125 0.6171875 0.278125 0.6015625 0.2854166671875 0.5953125 0.28125 0.58125 0.27395833281250004 0.57734375 0.2614583328125 0.578125 0.246875 0.58671875 0.23333333281250002 0.60703125 0.23333333281250002 0.615625 0.2416666671875 0.63046875 0.2552083328125 0.634375