4 0.5770833328125 0.75390625 0.559375 0.7390625 0.5354166671875 0.734375 0.5239583328124999 0.7375 0.5229166671875001 0.74375 0.5333333328125 0.75546875 0.58125 0.76796875 0.5770833328125 0.75390625
4 0.7864583328125 0.95625 0.7989583328125 0.9546875 0.8145833328125001 0.94609375 0.8239583328125001 0.92734375 0.8208333328125 0.9203125 0.7875 0.9203125 0.7510416671875 0.92578125 0.7239583328125 0.93515625 0.715625 0.9390625 0.7197916671875 0.95078125 0.7614583328125 0.95625 0.7864583328125 0.95625
4 0.6458333328125 0.97890625 0.665625 0.97578125 0.6979166671875 0.95546875 0.696875 0.94609375 0.6927083328125 0.94453125 0.6802083328124999 0.9453125 0.653125 0.93984375 0.6354166671875 0.94375 0.63125 0.946875 0.6375 0.9625 0.6333333328124999 0.9703125 0.6458333328125 0.97890625
4 0.615625 0.7484375 0.615625 0.74375 0.6072916671875 0.7375 0.584375 0.72734375 0.5520833328125 0.7234375 0.5541666671875001 0.73359375 0.5760416671875 0.7515625 0.609375 0.75234375 0.615625 0.7484375
4 0.6864583328125 0.703125 0.6989583328125 0.69375 0.7020833328125 0.684375 0.6791666671875001 0.68203125 0.665625 0.6859375 0.640625 0.7 0.6447916671875 0.7046875 0.6572916671875 0.7078125 0.6760416671875 0.70625 0.6864583328125 0.703125
4 0.85625 0.6578125 0.884375 0.640625 0.8875 0.6265625 0.8802083328125001 0.62109375 0.8697916671874999 0.62109375 0.8166666671874999 0.63359375 0.8020833328125001 0.63984375 0.7947916671875 0.6390625 0.7895833328124999 0.64296875 0.79375 0.64921875 0.8291666671875 0.6578125 0.85625 0.6578125
4 0.715625 0.66953125 0.715625 0.665625 0.7083333328125 0.6609375 0.6822916671875 0.65 0.6510416671875 0.646875 0.6385416671875 0.6484375 0.6375 0.65546875 0.6583333328125 0.66640625 0.6947916671875001 0.67265625 0.715625 0.66953125
4 0.875 0.5265625 0.8833333328125 0.51328125 0.8822916671875 0.50703125 0.8791666671874999 0.50546875 0.8739583328125 0.51015625 0.8354166671875 0.52265625 0.825 0.5328125 0.825 0.54140625 0.8375 0.546875 0.859375 0.54140625 0.875 0.5265625
4 0.8333333328125001 0.52421875 0.8583333328125 0.515625 0.8760416671875 0.49765625 0.8666666671875 0.49453125 0.8493697921875001 0.49352109375 0.8237020828125001 0.49947109375 0.812034375 0.505421875 0.807834375 0.508221875 0.8055010421875 0.512071875 0.7961677078125 0.518021875 0.7905666671875 0.519771875 0.7957010421875 0.53692265625 0.8135416671875 0.53203125 0.8229166671874999 0.53359375 0.8333333328125001 0.52421875
4 0.78125 0.4265625 0.7833333328125 0.4078125 0.775 0.3984375 0.7541666671875 0.41015625 0.7354166671875 0.45 0.7354166671875 0.4625 0.7489583328125 0.46640625 0.7645833328125 0.45390625 0.78125 0.4265625
4 0.48125 0.56796875 0.5166666671875 0.57890625 0.5447916671875 0.5828125 0.5583333328125 0.59609375 0.5927083328125 0.59609375 0.6114583328125 0.59140625 0.61875 0.58359375 0.60625 0.575 0.578125 0.565625 0.5302083328125 0.54140625 0.478125 0.52890625 0.4770833328125 0.53125 0.46979166718750004 0.5296875 0.45625 0.534375 0.4447916671875 0.54375 0.4447916671875 0.55234375 0.46666666718750005 0.5625 0.47083333281249995 0.56171875 0.48125 0.56796875
4 0.4114583328125 0.4 0.4125 0.36796875 0.40625 0.33359375 0.40208333281249997 0.32421875 0.3916666671875 0.31640625 0.3885416671875 0.315625 0.38333333281250004 0.325 0.38333333281250004 0.353125 0.3895833328125 0.37734375 0.40416666718750005 0.3984375 0.4114583328125 0.4
4 0.4927083328125 0.275 0.48645833281249995 0.27109375 0.46770833281249996 0.26875 0.46770833281249996 0.27890625 0.48645833281249995 0.30546875 0.525 0.3140625 0.4927083328125 0.275
4 0.9581385421874999 0.132028125 0.9989583328125 0.1446953125 0.9947916671874999 0.1234375 0.9802083328125001 0.11015625 0.9416666671874999 0.09609375 0.9197916671874999 0.0953125 0.9104166671874999 0.0984375 0.9104166671874999 0.10625 0.9291666671875 0.1171875 0.9470958328125001 0.1247203125 0.9581385421874999 0.132028125
4 0.371875 0.65390625 0.365625 0.63828125 0.3416666671875 0.60390625 0.3302083328125 0.59296875 0.3177083328125 0.58984375 0.3239583328125 0.61328125 0.3385416671875 0.63671875 0.3645833328125 0.65546875 0.371875 0.65390625
4 0.7354166671875 0.9328125 0.7489583328125 0.92734375 0.746875 0.92265625 0.7322916671875 0.9171875 0.6895833328125 0.90390625 0.6854166671875 0.90546875 0.684375 0.91171875 0.696875 0.925 0.7104166671875001 0.925 0.7354166671875 0.9328125