4 0.5872727265625 0.41370869062500004 0.6890909093750001 0.4541003671875 0.760909090625 0.4638922890625 0.7736363640625 0.47490819999999995 0.77818181875 0.467564259375 0.77818181875 0.45777233749999996 0.759090909375 0.419828640625 0.7436363640625 0.42227662187500004 0.7336363640625 0.40881272968750004 0.7327272734375 0.3990208078125 0.6463636359375 0.32925336562499996 0.5963636359375 0.3047735625 0.5772727265625 0.2998776015625 0.5227272734375 0.292533659375 0.4963636359375 0.29742962031250003 0.4945454546875 0.30232558125 0.51 0.3365973078125 0.5472727265625 0.3818849453125 0.5872727265625 0.41370869062500004
4 0.75 0.778457771875 0.7836363640624999 0.6744186046875 0.7936363640625 0.5642594859375001 0.79 0.504283965625 0.7827272734374999 0.4724602203125 0.7636363640625 0.478580171875 0.759090909375 0.484700121875 0.74 0.5348837203125 0.7245454546875 0.5936352515625 0.71181818125 0.7086903312499999 0.70818181875 0.8090575281250001 0.7127272734375001 0.8310893515625001 0.72 0.8310893515625001 0.75 0.778457771875
4 0.47000000000000003 0.653610771875 0.479090909375 0.659730721875 0.499090909375 0.6254589968750001 0.5145454546875 0.5764993875 0.52181818125 0.5287637703125 0.520909090625 0.49694002499999995 0.5072727265625 0.42594859218750003 0.4763636359375 0.3427172578125 0.470909090625 0.34026927812499996 0.4654545453125 0.34761321875 0.45636363593749996 0.3635250921875 0.450909090625 0.384332925 0.45 0.419828640625 0.46090909062499996 0.4993880046875 0.4672727265625 0.640146878125 0.47000000000000003 0.653610771875
4 0.3645454546875 0.3549571609375 0.3863636359375 0.3818849453125 0.4463636359375 0.4161566703125 0.449090909375 0.4124847 0.450909090625 0.37576499375 0.4654545453125 0.34026927812499996 0.4472727265625 0.3170134640625 0.43636363593749994 0.29375765 0.3972727265625 0.24602203125000002 0.35181818125 0.2044063640625 0.3163636359375 0.1884944921875 0.310909090625 0.1921664625 0.3054545453125 0.20563035468750002 0.3045454546875 0.23011015937499998 0.3163636359375 0.2692778453125 0.3354545453125 0.30966952187499996 0.3645454546875 0.3549571609375
4 0.13181818125 0.2607099140625 0.15818181874999998 0.2545899625 0.23363636406250002 0.21664626718750002 0.249090909375 0.203182375 0.2745454546875 0.1676866578125 0.290909090625 0.15544675624999998 0.28818181875 0.15055079531249999 0.2754545453125 0.146878825 0.2354545453125 0.145654834375 0.21818181874999998 0.15055079531249999 0.16 0.1787025703125 0.11545454531249999 0.212974296875 0.0645454546875 0.23867809062499998 0.060909090624999995 0.2435740515625 0.06363636406249999 0.2509179921875 0.08181818125 0.258261934375 0.13181818125 0.2607099140625
4 0 0.7931456546875 0.015454545312500002 0.815177478125 0.0563636359375 0.860465115625 0.140909090625 0.9412484703124999 0.15 0.9657282734375 0.1536363640625 0.964504284375 0.16818181875 0.9767441859374999 0.1754545453125 0.9755201953125001 0.180909090625 0.9828641375 0.1854545453125 0.9804161562499999 0.189090909375 0.9865361078125 0.20909090937500002 0.9865361078125 0.22181818125000002 0.992656059375 0.24818181875 0.99143206875 0.24636363593750002 0.9779681765625 0.23090909062499998 0.94369645 0.20636363593749998 0.9033047734374999 0.1963636359375 0.8935128515624999 0.1827272734375 0.860465115625 0.1854545453125 0.8531211750000001 0.17727272656249998 0.8384332921875 0.15818181874999998 0.8323133421875 0.10818181874999999 0.778457771875 0.060909090624999995 0.741738065625 0.03181818125 0.727050184375 0.0045454546875000005 0.70624235 0 0.70624235 0 0.7931456546875
4 0.22090909062500003 0.6646266828125 0.2645454546875 0.7001223984375 0.29636363593750004 0.733170134375 0.31181818125 0.7392900859375 0.3027272734375 0.696450428125 0.29 0.6866585062499999 0.279090909375 0.6572827421875 0.27818181875 0.642594859375 0.269090909375 0.6328029374999999 0.2572727265625 0.6058751531250001 0.2272727265625 0.586291309375 0.19 0.5716034265625 0.1463636359375 0.5642594859375001 0.139090909375 0.566707465625 0.13818181875 0.5728274171875001 0.1463636359375 0.5936352515625 0.1845454546875 0.653610771875 0.22090909062500003 0.6646266828125
4 0.41454545468750004 0.60709914375 0.43272727343749995 0.6144430843750001 0.46363636406250003 0.615667075 0.46090909062499996 0.552019584375 0.43909090937500006 0.53365973125 0.41181818124999997 0.5201958390625 0.3827272734375 0.5140758875 0.34454545468750003 0.515299878125 0.3154545453125 0.5250918 0.309090909375 0.53365973125 0.3263636359375 0.55079559375 0.39181818125 0.586291309375 0.41454545468750004 0.60709914375
4 0.58 0.2325581390625 0.5872727265625 0.1921664625 0.5954545453125 0.1064871484375 0.5918181812500001 0.0783353734375 0.58 0.0758873921875 0.5672727265625 0.1077111390625 0.5563636359374999 0.1162790703125 0.54181818125 0.1689106484375 0.52818181875 0.2435740515625 0.5163636359375 0.2594859234375 0.51818181875 0.2705018359375 0.5527272734374999 0.2594859234375 0.5709090906250001 0.23623011093750002 0.58 0.2325581390625
4 0.820909090625 0.36474908125 0.8327272734375001 0.3610771109375 0.8336363640625001 0.34761321875 0.85181818125 0.3255813953125 0.8781818187500001 0.2717258265625 0.9081818187499999 0.17503059999999998 0.9181818187499999 0.11260709843750001 0.9172727265624999 0.0795593640625 0.8963636359375 0.0954712359375 0.8318181812500001 0.2141982859375 0.800909090625 0.29130966875 0.7863636359374999 0.35862913125 0.7872727265624999 0.376988984375 0.8027272734374999 0.3708690328125 0.8063636359374999 0.378212975 0.820909090625 0.36474908125
4 0.9245454546874999 0.4810281515625 0.9554545453125 0.4651162796875 0.999090909375 0.42962056249999997 0.999090909375 0.3623011015625 0.94181818125 0.36474908125 0.8745454546874999 0.3904528765625 0.8290909093750001 0.42105263125 0.8118181812499999 0.43818849374999996 0.8036363640624999 0.4528763765625 0.8063636359374999 0.4736842109375 0.8454545453125 0.487148103125 0.8736363640624999 0.4895960828125 0.9245454546874999 0.4810281515625
4 0.6581818187499999 0.780905753125 0.70818181875 0.8115055078125 0.710909090625 0.761321909375 0.709090909375 0.7515299875 0.7 0.7380660953125 0.6427272734375 0.6756425953125 0.61 0.6487148109375 0.5681818187500001 0.6364749078124999 0.5554545453124999 0.6389228890624999 0.5536363640624999 0.6499387999999999 0.559090909375 0.662178703125 0.62 0.7454100375 0.6581818187499999 0.780905753125