4 0.571875 0.81953125 0.5791666671875 0.8 0.578125 0.78203125 0.56875 0.78046875 0.5291666671875 0.79921875 0.509375 0.8171875 0.5 0.8328125 0.5020833328125 0.8609375 0.5375 0.8703125 0.5541666671875001 0.85234375 0.571875 0.81953125
4 0.38229166718749996 0.778125 0.40208333281249997 0.75703125 0.41041666718750003 0.7390625 0.42291666718750004 0.7078125 0.425 0.68984375 0.41979166718750005 0.64609375 0.40833333281249995 0.6453125 0.396875 0.65625 0.384375 0.6625 0.3697916671875 0.68125 0.35104166718749996 0.7203125 0.3447916671875 0.78046875 0.3541666671875 0.79140625 0.3697916671875 0.78828125 0.38229166718749996 0.778125
4 0.6729166671875 0.7015625 0.6927083328125 0.696875 0.7427083328124999 0.67734375 0.7447916671875 0.6734375 0.7270833328124999 0.6640625 0.6614583328125 0.646875 0.640625 0.64921875 0.61875 0.659375 0.615625 0.66171875 0.6260416671875 0.67578125 0.65 0.69140625 0.6729166671875 0.7015625
4 0.575 0.66796875 0.6145833328125 0.66171875 0.6385416671875 0.65390625 0.615625 0.64140625 0.5854166671875001 0.63671875 0.5041666671875 0.63671875 0.484375 0.6421875 0.48333333281249996 0.64921875 0.4895833328125 0.65390625 0.5322916671875 0.66796875 0.575 0.66796875
4 0.5822916671875 0.62890625 0.6239583328125 0.59609375 0.6385416671875 0.57265625 0.6375 0.56484375 0.6072916671875 0.56875 0.5854166671875001 0.578125 0.5458333328125 0.609375 0.5364583328125 0.62421875 0.5364583328125 0.634375 0.5427083328125 0.6359375 0.565625 0.6359375 0.5822916671875 0.62890625
4 0.6739583328125 0.62265625 0.6822916671875 0.61484375 0.6833333328125 0.6046875 0.6697916671875 0.58828125 0.6572916671875 0.58828125 0.6427083328125 0.59453125 0.628125 0.6109375 0.6197916671875 0.6390625 0.628125 0.6421875 0.640625 0.64140625 0.6739583328125 0.62265625
4 0.7666666671875 0.66796875 0.7645833328125 0.6578125 0.7385416671875 0.63984375 0.7145833328125 0.6359375 0.7 0.64140625 0.7010416671875 0.65390625 0.7125 0.66015625 0.7479166671875 0.67421875 0.7666666671875 0.66796875
4 0.7104166671875001 0.56875 0.721875 0.54453125 0.7197916671875 0.5046875 0.7083333328125 0.47890625 0.6864583328125 0.49375 0.6760416671875 0.51484375 0.6770833328125 0.5640625 0.684375 0.57734375 0.696875 0.58359375 0.7104166671875001 0.56875
4 0.7947916671875 0.5921875 0.8104166671874999 0.578125 0.825 0.54921875 0.8270833328125 0.528125 0.8229166671874999 0.521875 0.8145833328125001 0.51875 0.7927083328125 0.52265625 0.7697916671875 0.54921875 0.7541666671875 0.578125 0.73125 0.584375 0.7197916671875 0.5921875 0.7166666671875 0.603125 0.7354166671875 0.6046875 0.7677083328125 0.60390625 0.7947916671875 0.5921875
4 0.503125 0.35234375 0.5458333328125 0.33125 0.5729166671875 0.31015625 0.5677083328125 0.30625 0.5416666671875 0.3078125 0.4614583328125 0.3328125 0.4458333328125 0.34375 0.4447916671875 0.353125 0.453125 0.35546875 0.4770833328125 0.3578125 0.503125 0.35234375
4 0.45520833281249995 0.3171875 0.46979166718750004 0.303125 0.465625 0.27890625 0.44166666718750003 0.2578125 0.4322916671875 0.25703125 0.425 0.26328125 0.42395833281249995 0.275 0.4302083328125 0.29140625 0.43854166718750004 0.30546875 0.45520833281249995 0.3171875
4 0.3395833328125 0.95703125 0.365625 0.9234375 0.3583333328125 0.91953125 0.3479166671875 0.91953125 0.2708333328125 0.95 0.2625 0.9703125 0.22916666718749998 0.99921875 0.2916666671875 0.99921875 0.3395833328125 0.95703125
4 0.3802083328125 0.19296875 0.3875 0.1765625 0.38229166718749996 0.17265625 0.3541666671875 0.17265625 0.3114583328125 0.18828125 0.296875 0.20390625 0.2979166671875 0.22578125 0.321875 0.21875 0.3489583328125 0.215625 0.3802083328125 0.19296875