4 0.5458333328125 0.765625 0.5770833328125 0.75625 0.590625 0.74375 0.6145833328125 0.73828125 0.6510416671875 0.7125 0.6458333328125 0.70859375 0.5875 0.703125 0.43958333281249995 0.71875 0.3583333328125 0.73671875 0.3541666671875 0.73984375 0.3583333328125 0.746875 0.43854166718750004 0.7671875 0.5458333328125 0.765625
4 0.48541666718750004 0.6171875 0.521875 0.59453125 0.5614583328125 0.5609375 0.575 0.53984375 0.5760416671875 0.52265625 0.5489583328125 0.52109375 0.5166666671875 0.525 0.48125 0.540625 0.45104166718750005 0.56328125 0.43541666718750005 0.58046875 0.40625 0.59765625 0.384375 0.628125 0.3802083328125 0.64296875 0.42395833281249995 0.63984375 0.453125 0.63203125 0.48541666718750004 0.6171875
4 0.484375 0.8359375 0.5114583328125 0.84609375 0.5583333328125 0.85078125 0.5721520828125 0.85021875 0.56709375 0.831671875 0.5458333328125 0.80546875 0.496875 0.76953125 0.43541666718750005 0.7671875 0.3958333328125 0.75859375 0.39375 0.76015625 0.40833333281249995 0.78359375 0.45104166718750005 0.81640625 0.484375 0.8359375
4 0.6479166671875001 0.471875 0.6677083328125 0.48046875 0.671875 0.45 0.6572916671875 0.43046875 0.6270833328125 0.40546875 0.6052083328125 0.39453125 0.603125 0.41015625 0.6135416671875 0.434375 0.6291666671875 0.45703125 0.6479166671875001 0.471875
4 0.353125 0.3046875 0.3614583328125 0.30625 0.3635416671875 0.2984375 0.3572916671875 0.27109375 0.33541666718749996 0.2078125 0.31875 0.2 0.3135416671875 0.19375 0.30625 0.19921875 0.30416666718749996 0.20703125 0.30416666718749996 0.234375 0.315625 0.26484375 0.3427083328125 0.296875 0.353125 0.3046875
4 0.321875 0.2 0.3697916671875 0.225 0.43541666718750005 0.24140625 0.45 0.2421875 0.4739583328125 0.2359375 0.45 0.21171875 0.4125 0.1859375 0.3614583328125 0.1703125 0.3395833328125 0.16796875 0.30625 0.17109375 0.3 0.1734375 0.3 0.17734375 0.3083333328125 0.1890625 0.321875 0.2
4 0.5072916671875001 0.09921875 0.47291666718750003 0.09921875 0.45104166718750005 0.10703125 0.42604166718750003 0.125 0.41823125 0.15847421875 0.45520833281249995 0.14453125 0.4635416671875 0.13984375 0.5322916671875 0.1109375 0.5072916671875001 0.09921875
4 0.6697916671875 0.3578125 0.6885416671875 0.359375 0.6989583328125 0.3453125 0.6791666671875001 0.31796875 0.6270833328125 0.28671875 0.5989583328125 0.2796875 0.596875 0.2828125 0.6072916671875 0.29921875 0.6395833328125 0.33828125 0.6697916671875 0.3578125
3 0.76875 0.59375 0.8125 0.57265625 0.825 0.5625 0.8177083328125001 0.5546875 0.8 0.5515625 0.7864583328125 0.55546875 0.7322916671875 0.5609375 0.6770833328125 0.58046875 0.63125 0.60546875 0.6302083328125 0.61171875 0.6427083328125 0.625 0.6708333328125 0.62265625 0.76875 0.59375
4 0.7364583328125 0.625 0.740625 0.628125 0.7364583328125 0.6421875 0.7677083328125 0.64921875 0.8135416671875 0.64921875 0.8416666671874999 0.6453125 0.8645833328125001 0.63828125 0.8552083328125001 0.628125 0.825 0.6140625 0.759375 0.6 0.6822916671875 0.61875 0.6739583328125 0.62265625 0.675 0.625 0.6927083328125 0.634375 0.7364583328125 0.625
3 0.5291666671875 0.3171875 0.5708333328124999 0.2984375 0.5927083328125 0.27890625 0.5947916671875 0.27109375 0.5791666671875 0.26484375 0.540625 0.26875 0.51875 0.278125 0.5020833328125 0.296875 0.49791666718750005 0.30625 0.49895833281249996 0.31953125 0.509375 0.32109375 0.5291666671875 0.3171875
3 0.6822916671875 0.22109375 0.6875 0.2203125 0.6885416671875 0.21640625 0.6677083328125 0.18828125 0.6302083328125 0.165625 0.5791666671875 0.1640625 0.5583333328125 0.16953125 0.553125 0.1734375 0.5760416671875 0.1828125 0.6625 0.209375 0.6822916671875 0.22109375
3 0.9239583328125001 0.20703125 0.925 0.20390625 0.9145833328125 0.1953125 0.8927083328125001 0.1890625 0.8302114578124999 0.18496640625 0.79846875 0.19137578125000002 0.7739583328124999 0.2015625 0.7260416671875001 0.22109375 0.7270833328124999 0.228125 0.7385416671875 0.2296875 0.86875 0.2171875 0.9239583328125001 0.20703125
3 0.965625 0.15390625 0.9739583328125001 0.12734375 0.975 0.08671875 0.9677083328125 0.0671875 0.9583333328125001 0.0578125 0.95 0.059375 0.93125 0.08203125 0.9104166671874999 0.12890625 0.909375 0.1859375 0.928125 0.20234375 0.9427083328125001 0.18984375 0.965625 0.15390625
3 0.19479166718750002 0.1453125 0.22395833281250002 0.175 0.228125 0.1734375 0.22916666718749998 0.165625 0.2104166671875 0.08671875 0.19375 0.0484375 0.1875 0.04609375 0.17916666718750002 0.05546875 0.1729166671875 0.071875 0.1729166671875 0.0984375 0.17916666718750002 0.12109375 0.19479166718750002 0.1453125
3 0.259375 0.65234375 0.2677083328125 0.6546875 0.2875 0.64765625 0.315625 0.62734375 0.371875 0.59765625 0.3791666671875 0.59296875 0.390625 0.57578125 0.38125 0.571875 0.35208333281250004 0.571875 0.2947916671875 0.57734375 0.246875 0.58828125 0.21979166718749998 0.59921875 0.20833333281250002 0.61015625 0.190625 0.61953125 0.165625 0.65 0.16354166718750002 0.6625 0.1854166671875 0.665625 0.228125 0.66328125 0.259375 0.65234375