4 0.2894393734375 0.24609375 0.2868318125 0.19296875 0.2803129078125 0.1765625 0.272490221875 0.17265625 0.2594524125 0.1765625 0.242503259375 0.19375 0.2229465453125 0.22734375 0.217731421875 0.246875 0.217731421875 0.315625 0.22816166875000002 0.3625 0.26727509843749997 0.30859375 0.2894393734375 0.24609375
4 0.1929595828125 0.503125 0.216427640625 0.4375 0.213820078125 0.384375 0.20208605 0.35078125 0.18513689687499998 0.33203125 0.1760104296875 0.3359375 0.16297262031249998 0.3578125 0.14602346875 0.41796875 0.14080834375 0.4578125 0.14080834375 0.52890625 0.1499348109375 0.565625 0.1616688390625 0.5546875 0.1929595828125 0.503125
4 0.3089960890625 0.446875 0.3350717078125 0.4203125 0.358539765625 0.36640625 0.3650586703125 0.2984375 0.35593220312499996 0.25859375 0.34680573593749997 0.24765625 0.3376792703125 0.24765625 0.3220338984375 0.2578125 0.2907431546875 0.29921875 0.2777053453125 0.35625 0.2764015640625 0.428125 0.28422424999999996 0.446875 0.2946544984375 0.45546875 0.3089960890625 0.446875
4 0.26727509843749997 0.5234375 0.273794003125 0.478125 0.271186440625 0.45703125 0.2633637546875 0.44921875 0.24902216406250002 0.45078125 0.21903520156249998 0.47421875 0.187744459375 0.52578125 0.17470665000000002 0.56328125 0.1760104296875 0.6125 0.196870925 0.65546875 0.24902216406250002 0.58125 0.26727509843749997 0.5234375
4 0.2385919171875 0.846875 0.2594524125 0.8109375 0.268578878125 0.74921875 0.2659713171875 0.67109375 0.24771838281249997 0.6296875 0.2359843546875 0.62109375 0.22816166875000002 0.62421875 0.217731421875 0.6484375 0.20078226875 0.7625 0.19817470625 0.821875 0.2229465453125 0.91796875 0.23989569687499998 0.87109375 0.2385919171875 0.846875
4 0.29856584062499997 0.70859375 0.3102998703125 0.696875 0.33898305156249997 0.6296875 0.3611473265625 0.55703125 0.358539765625 0.4921875 0.3507170796875 0.46796875 0.3376792703125 0.45234375 0.3220338984375 0.4609375 0.30508474531249996 0.4859375 0.28422424999999996 0.55390625 0.28292046875 0.6078125 0.297262059375 0.67421875 0.2946544984375 0.70859375 0.29856584062499997 0.70859375
4 0.3898305078125 0.2359375 0.3963494140625 0.20859375 0.3898305078125 0.17421875 0.3794002609375 0.15625 0.3689700125 0.14765625 0.359843546875 0.15078125 0.3481095171875 0.1703125 0.3494132984375 0.21796875 0.358539765625 0.240625 0.37288135625 0.25625 0.3898305078125 0.2359375
4 0.470664928125 0.2390625 0.4771838328125 0.190625 0.474576271875 0.15859375 0.4654498046875 0.13984375 0.45501955625 0.13046875 0.445893090625 0.13125 0.4328552796875 0.140625 0.4185136890625 0.15703125 0.41199478437500003 0.175 0.414602346875 0.2296875 0.43024771875 0.2578125 0.45371577500000004 0.28203125 0.470664928125 0.2390625
4 0.4810951765625 0.3609375 0.4797913953125 0.3046875 0.474576271875 0.29296875 0.46284224218750003 0.2828125 0.44980443281250004 0.28828125 0.43024771875 0.3234375 0.414602346875 0.36640625 0.40677966093749995 0.40546875 0.40938722343749995 0.4453125 0.4524119953125 0.41015625 0.468057365625 0.390625 0.4810951765625 0.3609375
4 0.46675358593749994 0.471875 0.468057365625 0.434375 0.45893090000000003 0.42265625 0.4524119953125 0.4234375 0.4354628421875 0.43671875 0.41069100468749997 0.48359375 0.40938722343749995 0.53125 0.4185136890625 0.5578125 0.45762711874999995 0.5015625 0.46675358593749994 0.471875
4 0.3337679265625 0.93359375 0.3415906125 0.9359375 0.3494132984375 0.9296875 0.37288135625 0.88828125 0.3963494140625 0.8203125 0.4015645375 0.68125 0.3950456328125 0.640625 0.383311603125 0.62734375 0.371577575 0.62734375 0.3415906125 0.65234375 0.3181225546875 0.69609375 0.2907431546875 0.78046875 0.2894393734375 0.81015625 0.29856584062499997 0.8703125 0.3233376796875 0.91875 0.3337679265625 0.93359375
4 0.48891786249999997 0.640625 0.48500651875 0.59140625 0.46675358593749994 0.5734375 0.45371577500000004 0.5796875 0.43807040468749997 0.603125 0.4289439375 0.62890625 0.43155150000000003 0.6921875 0.44719687031250005 0.7375 0.4771838328125 0.6765625 0.48891786249999997 0.640625
4 0.53976531875 0.821875 0.5345501953125 0.76171875 0.5162972625 0.72890625 0.501955671875 0.71796875 0.49282920468749997 0.7203125 0.48500651875 0.72890625 0.468057365625 0.77734375 0.469361146875 0.86171875 0.49282920468749997 0.9359375 0.5306388531249999 0.865625 0.53976531875 0.821875
4 0.5814863109374999 0.3890625 0.6036505859375 0.32421875 0.6062581484375 0.25078125 0.60234680625 0.23203125 0.5919165578125 0.22578125 0.5710560625000001 0.23203125 0.555410690625 0.2484375 0.5371577578125 0.28203125 0.526727509375 0.32890625 0.526727509375 0.39296875 0.5410691 0.4359375 0.5528031296875 0.4515625 0.5814863109374999 0.3890625
4 0.6662320734375 0.43671875 0.6662320734375 0.40546875 0.6531942640625 0.36796875 0.6388526734375 0.34921875 0.6219035203125001 0.340625 0.611473271875 0.3484375 0.6036505859375 0.38828125 0.6062581484375 0.46453125 0.59973924375 0.53515625 0.644067796875 0.49296875 0.6662320734375 0.43671875
4 0.555410690625 0.15859375 0.5528031296875 0.121875 0.54237288125 0.1109375 0.5345501953125 0.11171875 0.525423728125 0.11796875 0.5110821375000001 0.140625 0.51238591875 0.1875 0.525423728125 0.2203125 0.54498044375 0.1875 0.555410690625 0.15859375
4 0.8057366359374999 0.48359375 0.846153846875 0.421875 0.8552803125 0.39921875 0.8604954375 0.36484375 0.8617992171875001 0.328125 0.8539765312500001 0.2703125 0.840938721875 0.23671875 0.8226857890625 0.225 0.8109517593750001 0.2296875 0.8044328546875 0.2390625 0.77183833125 0.3375 0.7757496734375 0.40703125 0.803129075 0.46640625 0.80182529375 0.48203125 0.8057366359374999 0.48359375
4 0.868318121875 0.63828125 0.8943937421875001 0.58046875 0.8943937421875001 0.4890625 0.88657105625 0.47265625 0.872229465625 0.47421875 0.8552803125 0.4859375 0.8331160359374999 0.525 0.830508475 0.56484375 0.8357235984375 0.58515625 0.8435462843750001 0.6046875 0.868318121875 0.63828125
4 0.8644067796874999 0.91484375 0.8943937421875001 0.85859375 0.9048239890625001 0.80859375 0.9048239890625001 0.7671875 0.8970013031249999 0.715625 0.8813559328125 0.67265625 0.8644067796874999 0.65625 0.846153846875 0.665625 0.8318122562499999 0.68828125 0.814863103125 0.74453125 0.8122555406249999 0.77421875 0.814863103125 0.8609375 0.840938721875 0.93515625 0.846153846875 0.9359375 0.8644067796874999 0.91484375
4 0.7235984359375001 0.8828125 0.731421121875 0.88984375 0.77183833125 0.83203125 0.784876140625 0.8015625 0.7900912640625 0.77109375 0.7900912640625 0.7375 0.7809647984375 0.68515625 0.77183833125 0.66171875 0.7627118640624999 0.6546875 0.7470664921875 0.659375 0.7222946546875 0.68359375 0.6949152546875 0.74921875 0.6949152546875 0.79453125 0.702737940625 0.834375 0.7209908734375 0.86796875 0.7235984359375001 0.8828125
4 0.6375488921875 0.8296875 0.6636245109375001 0.7734375 0.668839634375 0.73828125 0.6636245109375001 0.68984375 0.655801825 0.66640625 0.6479791390625 0.659375 0.6388526734375 0.66015625 0.62972620625 0.6671875 0.6088657109375 0.703125 0.586701434375 0.81328125 0.585397653125 0.8609375 0.588005215625 0.884375 0.5919165578125 0.8859375 0.6375488921875 0.8296875
4 0.573663625 0.721875 0.5906127765625 0.67890625 0.5971316812499999 0.6453125 0.5984354625 0.5953125 0.5814863109374999 0.54765625 0.560625815625 0.5171875 0.5475880046875 0.51015625 0.5358539765625 0.51640625 0.5241199484375 0.5296875 0.5097783578125 0.57109375 0.5136897 0.64921875 0.528031290625 0.690625 0.560625815625 0.7375 0.573663625 0.721875
4 0.74315515 0.52265625 0.7327249015625 0.45703125 0.7196870921875 0.4265625 0.7066492828125 0.415625 0.6962190359375 0.41953125 0.6910039109375 0.4265625 0.6753585390625 0.46171875 0.6675358546875 0.49765625 0.6675358546875 0.57578125 0.6897001296874999 0.65234375 0.7327249015625 0.58359375 0.74315515 0.52265625
4 0.7340286828125 0.29765625 0.7379400265625 0.26796875 0.7353324640625 0.21484375 0.731421121875 0.20078125 0.7196870921875 0.19375 0.7131681875 0.19609375 0.701434159375 0.21328125 0.6766623203125001 0.2765625 0.6753585390625 0.35078125 0.6805736640625 0.40859375 0.7079530640625 0.3609375 0.7340286828125 0.29765625
4 0.94132985625 0.4078125 0.9452412000000001 0.3515625 0.9374185140625 0.3015625 0.9230769234375 0.271875 0.91134289375 0.25859375 0.9009126468750001 0.2609375 0.8891786187499999 0.27421875 0.8761408078124999 0.31328125 0.8800521515625 0.38359375 0.91134289375 0.43671875 0.91655801875 0.4546875 0.94132985625 0.4078125
4 0.6505867015625 0.2984375 0.670143415625 0.26484375 0.6818774453125 0.22734375 0.6779661015625 0.1734375 0.65971316875 0.1421875 0.6505867015625 0.13515625 0.642764015625 0.1375 0.628422425 0.15703125 0.611473271875 0.2 0.6101694921874999 0.22421875 0.6310299875000001 0.2390625 0.616688396875 0.25390625 0.6505867015625 0.2984375