4 0.8802083328125001 0.59375 0.9010416671874999 0.5921875 0.934375 0.5875 0.9541666671875 0.575 0.9125 0.528125 0.8760416671875 0.5078125 0.8072697921875 0.4843609375 0.7825364578125 0.4905453125 0.7722302078125 0.49775937499999995 0.7666666671875 0.509375 0.765625 0.5203125 0.753125 0.5296875 0.7479166671875 0.515625 0.7364583328125 0.51875 0.7364583328125 0.5390625 0.7510416671875 0.5515625 0.8458333328125001 0.5859375 0.8802083328125001 0.59375
4 0.746875 0.7015625 0.7645833328125 0.6625 0.765625 0.6375 0.75625 0.5828125 0.73125 0.5296875 0.7229166671875 0.5390625 0.7177083328125 0.578125 0.7177083328125 0.659375 0.7208333328125 0.6734375 0.7333333328125 0.69375 0.746875 0.7015625
4 0.8802083328125001 0.61875 0.8854166671874999 0.6078125 0.88125 0.6 0.853125 0.5921875 0.765625 0.615625 0.7645833328125 0.6625 0.7677083328125 0.66875 0.8395833328125001 0.646875 0.8802083328125001 0.61875
4 0.6864583328125 0.9984375 0.6916666671875 0.946875 0.6885416671875 0.8484375 0.6770833328125 0.79375 0.6614583328125 0.778125 0.653125 0.746875 0.6541666671875 0.7359375 0.6489583328124999 0.7390625 0.6447916671875 0.8734375 0.65 0.96875 0.6552083328125 0.9984375 0.6864583328125 0.9984375
4 0.6552083328125 0.53125 0.6927083328125 0.5125 0.6885416671875 0.5046875 0.6458333328125 0.478125 0.5520833328125 0.4609375 0.5239583328124999 0.465625 0.4770833328125 0.503125 0.47291666718750003 0.5171875 0.49791666718750005 0.528125 0.5947916671875 0.5421875 0.6552083328125 0.53125
4 0.5833333328125 0.465625 0.64375 0.4640625 0.665625 0.4578125 0.6760416671875 0.446875 0.653125 0.425 0.5875 0.4078125 0.51875 0.40625 0.48541666718750004 0.415625 0.48645833281249995 0.428125 0.5104166671875 0.4359375 0.5322916671875 0.4515625 0.5833333328125 0.465625
4 0.47291666718750003 0.8734375 0.5010416671875 0.809375 0.525 0.7359375 0.5427083328125 0.6515625 0.55 0.634375 0.5479166671875 0.61875 0.5072916671875001 0.665625 0.4739583328125 0.715625 0.47291666718750003 0.7296875 0.4791666671875 0.73125 0.475 0.75625 0.46458333281249997 0.775 0.43541666718750005 0.796875 0.41770833281249997 0.853125 0.4114583328125 0.8875 0.4322916671875 0.915625 0.45520833281249995 0.896875 0.47291666718750003 0.8734375
4 0.09375 0.8796875 0.165625 0.928125 0.215625 0.9453125 0.21979166718749998 0.959375 0.2375 0.953125 0.278125 0.965625 0.2947916671875 0.959375 0.2947916671875 0.9515625 0.2791666671875 0.93125 0.2010416671875 0.86875 0.1416666671875 0.8453125 0.08333333281250001 0.8421875 0.075 0.8484375 0.08333333281250001 0.853125 0.084375 0.8671875 0.09375 0.8796875
4 0.3916666671875 0.6609375 0.434375 0.528125 0.45625 0.5125 0.46458333281249997 0.4578125 0.4625 0.45 0.446875 0.4484375 0.41041666718750003 0.5140625 0.3572916671875 0.6375 0.3260416671875 0.7328125 0.3239583328125 0.746875 0.3270833328125 0.75 0.3416666671875 0.740625 0.3916666671875 0.6609375
4 0.2260416671875 0.6578125 0.2520833328125 0.6234375 0.27395833281250004 0.5828125 0.3083333328125 0.4859375 0.3114583328125 0.4703125 0.3083333328125 0.440625 0.2979166671875 0.4375 0.2916666671875 0.4546875 0.2760416671875 0.4625 0.265625 0.4765625 0.2552083328125 0.509375 0.2375 0.528125 0.20208333281250002 0.60625 0.1916666671875 0.653125 0.19479166718750002 0.6703125 0.2 0.6765625 0.2260416671875 0.6578125
4 0.24895833281250002 0.78125 0.26875 0.7859375 0.28125 0.7984375 0.3104166671875 0.80625 0.315625 0.7953125 0.31979166718749996 0.7703125 0.315625 0.7546875 0.23541666718749998 0.6765625 0.22291666718749997 0.66875 0.2166666671875 0.675 0.19583333281249998 0.6703125 0.1833333328125 0.653125 0.134375 0.6390625 0.1354166671875 0.65625 0.1708333328125 0.7109375 0.2166666671875 0.75625 0.24895833281250002 0.78125
4 0.20416666718749998 0.309375 0.21770833281250002 0.2765625 0.2322916671875 0.2640625 0.2614583328125 0.2203125 0.2666666671875 0.2078125 0.2635416671875 0.1890625 0.253125 0.1890625 0.24895833281250002 0.1984375 0.2114583328125 0.2015625 0.165625 0.240625 0.125 0.2890625 0.0927083328125 0.3421875 0.0791666671875 0.375 0.0802083328125 0.3921875 0.15 0.3625 0.1520833328125 0.35625 0.20416666718749998 0.309375
4 0.578125 0 0.575 0.0078125 0.5520833328125 0.0203125 0.5208333328125 0.0609375 0.48854166718750003 0.1265625 0.4875 0.134375 0.4947916671875 0.1375 0.5604166671875 0.1 0.6447916671875 0.0328125 0.6854166671875 0.0140625 0.7 0 0.578125 0
4 0.36875 0.2671875 0.38333333281250004 0.2765625 0.38125 0.30625 0.3885416671875 0.3328125 0.42083333281249996 0.3875 0.446875 0.41875 0.47291666718750003 0.41875 0.478125 0.384375 0.4427083328125 0.2671875 0.43125 0.271875 0.3875 0.215625 0.3572916671875 0.1953125 0.3635416671875 0.228125 0.3729166671875 0.2390625 0.375 0.253125 0.36875 0.2671875
4 0.2947916671875 0.3859375 0.3072916671875 0.365625 0.3104166671875 0.3515625 0.3010416671875 0.34375 0.28125 0.34375 0.22395833281250002 0.31875 0.190625 0.3234375 0.11145833281249999 0.38125 0.109375 0.384375 0.1302083328125 0.3921875 0.20208333281250002 0.3953125 0.2947916671875 0.3859375
3 0.6458333328125 0.346875 0.6489583328124999 0.4 0.6541666671875 0.403125 0.6645833328124999 0.4296875 0.6760416671875 0.4421875 0.6760416671875 0.45625 0.68125 0.4609375 0.690625 0.409375 0.6916666671875 0.371875 0.6864583328125 0.253125 0.6729166671875 0.16875 0.6458333328125 0.1 0.634375 0.0984375 0.6239583328125 0.165625 0.6260416671875 0.2546875 0.6375 0.3046875 0.6375 0.3296875 0.6458333328125 0.346875
3 0.7375 0.475 0.7614583328125 0.396875 0.7760416671875 0.3171875 0.775 0.215625 0.759375 0.165625 0.7510416671875 0.16875 0.7375 0.2078125 0.721875 0.3078125 0.7229166671875 0.4546875 0.7270833328124999 0.4796875 0.7322916671875 0.48125 0.7375 0.475