5 0.14250000000000002 0.721428571875 0.17875000000000002 0.728571428125 0.21625 0.7166666671875 0.18 0.597619046875 0.15875 0.5619047625 0.145 0.5738095234375 0.14875 0.6142857140625 0.135 0.6333333328124999 0.14375 0.675 0.14250000000000002 0.721428571875
5 0.16875 0.8428571421875001 0.20375000000000001 0.8142857140625 0.2125 0.7880952375 0.1975 0.7738095234375 0.1325 0.7666666671875 0.11750000000000001 0.78095238125 0.11625 0.8 0.1075 0.8119047625 0.10375000000000001 0.8380952374999999 0.0925 0.8642857140625001 0.08875 0.88095238125 0.09625 0.91904761875 0.11125 0.9380952375 0.16875 0.8428571421875001
5 0.27625 0.6333333328124999 0.29125 0.6166666671875001 0.305 0.5761904765625 0.3025 0.552380953125 0.2725 0.5428571421874999 0.2475 0.552380953125 0.2325 0.5357142859375 0.2125 0.552380953125 0.21125 0.6261904765625 0.21625 0.6380952375 0.25875 0.6261904765625 0.27625 0.6333333328124999
5 0.34625 0.552380953125 0.335 0.540476190625 0.32875 0.5047619046875 0.31 0.5166666671875 0.30375 0.597619046875 0.3175 0.6333333328124999 0.34173624999999996 0.6169642859375 0.34842249999999997 0.5971547625 0.34625 0.552380953125
5 0.3875 0.5571428578125001 0.39249999999999996 0.552380953125 0.41624999999999995 0.578571428125 0.4175 0.590476190625 0.42874999999999996 0.56904761875 0.445 0.559523809375 0.45 0.5238095234375 0.44375 0.43809523749999996 0.43 0.4357142859375 0.4175 0.41904761874999996 0.4 0.43333333281249997 0.38 0.4047619046875 0.36625 0.4166666671875 0.365 0.43333333281249997 0.3775 0.4761904765625 0.375 0.5238095234375 0.3875 0.5571428578125001
5 0.4415125 0.8020238093750001 0.456195 0.7430952375000001 0.471925 0.7440928578125 0.48136375 0.7171261906249999 0.48125 0.7 0.46749999999999997 0.6833333328125 0.4575 0.6452380953125 0.44625000000000004 0.6380952375 0.43875000000000003 0.6476190468749999 0.42625 0.702380953125 0.41500000000000004 0.7071428578125001 0.40499999999999997 0.7309523812500001 0.40374999999999994 0.7857142859375 0.4125 0.802380953125 0.4225 0.790476190625 0.4415125 0.8020238093750001
5 0.4725 0.9976190468749999 0.5075000000000001 0.9976190468749999 0.51625 0.9809523812500001 0.52125 0.952380953125 0.5475 0.9619047625 0.55375 0.95 0.56125 0.8166666671874999 0.5549999999999999 0.802380953125 0.5375 0.8071428578125 0.515 0.797619046875 0.4625 0.847619046875 0.46125 0.8547619046875001 0.47750000000000004 0.8857142859374999 0.47750000000000004 0.96904761875 0.4725 0.9976190468749999
5 0.6575 0.959523809375 0.6675 0.9547619046875001 0.67 0.9642857140625001 0.6900000000000001 0.952380953125 0.6925 0.9380952375 0.6875 0.9047619046875001 0.6912499999999999 0.8833333328125 0.7025 0.8666666671875 0.69875 0.8261904765624999 0.70375 0.8166666671874999 0.69625 0.790476190625 0.6900000000000001 0.78095238125 0.65 0.778571428125 0.635 0.7880952375 0.625 0.778571428125 0.615 0.797619046875 0.61125 0.8119047625 0.615 0.91904761875 0.6287499999999999 0.9142857140625 0.6575 0.959523809375
5 0.6587500000000001 0.728571428125 0.67375 0.7 0.67375 0.66904761875 0.67125 0.6571428578125 0.6575 0.652380953125 0.62375 0.671428571875 0.6174999999999999 0.6857142859375001 0.615 0.7047619046875 0.6224999999999999 0.728571428125 0.64375 0.7380952375 0.6587500000000001 0.728571428125
5 0.7325 0.6166666671875001 0.7424999999999999 0.5952380953125 0.76125 0.590476190625 0.76625 0.597619046875 0.76625 0.6238095234375 0.77125 0.6261904765625 0.7868625 0.588630953125 0.77820625 0.5540071421875 0.79725 0.4995952375 0.74375 0.5 0.72875 0.5047619046875 0.71875 0.5190476187499999 0.72375 0.5357142859375 0.7175 0.559523809375 0.7275 0.56904761875 0.7325 0.6166666671875001
5 0.44749999999999995 0 0.44000000000000006 0.0142857140625 0.44215375 0.0664142859375 0.454765 0.1314166671875 0.4399275 0.1879404765625 0.45402250000000005 0.24305 0.44734625 0.272723809375 0.44000000000000006 0.32380952343749997 0.45499999999999996 0.3333333328125 0.47000000000000003 0.328571428125 0.47874999999999995 0.2952380953125 0.48624999999999996 0.28571428593750003 0.485 0.25 0.50875 0.1666666671875 0.50875 0.10714285781249999 0.52 0.090476190625 0.52125 0.071428571875 0.47375 0.03095238125 0.45499999999999996 0 0.44749999999999995 0