1 0.33640552968750004 0.7030927828125 0.3421658984375 0.6824742265625 0.337557603125 0.610309278125 0.3225806453125 0.57938144375 0.30645161249999997 0.5628865984375 0.29723502343749997 0.564948453125 0.27880184375 0.5835051546875001 0.2684331796875 0.6226804125000001 0.2684331796875 0.6824742265625 0.27880184375 0.7092783500000001 0.3191244234375 0.721649484375 0.33640552968750004 0.7030927828125
1 0.226958525 0.5628865984375 0.2384792625 0.5484536078125 0.25230414687499997 0.49072164999999995 0.24308755781250002 0.4494845359375 0.2177419359375 0.42886597968749995 0.2027649765625 0.42886597968749995 0.168202765625 0.453608246875 0.167050690625 0.5072164953125 0.17626728125 0.5319587625 0.19930875625 0.5525773203125001 0.226958525 0.5628865984375
1 0.45276497656250003 0.46597938125000005 0.47119815625 0.4927835046875 0.4815668203125 0.4969072171875 0.5069124421875 0.48865979375 0.519585253125 0.47010309218749996 0.53917050625 0.45773195937500005 0.5495391703125 0.4391752578125 0.5472350234375 0.37525773125 0.48732718906250005 0.3257731953125 0.4562211984375 0.323711340625 0.445852534375 0.3484536078125 0.44930875625000005 0.369072165625 0.44124423906250004 0.40412371093750005 0.4423963140625 0.4226804125 0.45276497656250003 0.46597938125000005
1 0.5495391703125 0.31340206249999997 0.5149769578125001 0.2969072171875 0.5069124421875 0.2845360828125 0.49423963125 0.2824742265625 0.4850230421875 0.2969072171875 0.48617511562500004 0.30927835 0.5414746546875 0.3484536078125 0.5541474656250001 0.3298969078125 0.5495391703125 0.31340206249999997
1 0.6428571421875 0.48865979375 0.65322580625 0.4927835046875 0.6578341015625 0.46597938125000005 0.6543778796875 0.4226804125 0.6405529953125 0.3958762890625 0.6382488484375 0.3773195875 0.61866359375 0.364948453125 0.6025345625 0.389690721875 0.59677419375 0.40206185625 0.6013824890625 0.41855670156249997 0.6232718890625 0.44742267968749994 0.6428571421875 0.48865979375
1 0.6347926265625 0.5154639171875 0.6324884796875 0.5010309281249999 0.599078340625 0.43711340156249995 0.5748847921875 0.42680412343749996 0.5771889406249999 0.4721649484375 0.5944700453125 0.5154639171875 0.6013824890625 0.5216494843749999 0.6347926265625 0.5154639171875
1 0.73271889375 0.82474226875 0.7373271890625 0.812371134375 0.7350230421874999 0.77525773125 0.7292626734375001 0.769072165625 0.72119815625 0.736082475 0.71082949375 0.723711340625 0.707373271875 0.6865979375 0.6970046078125 0.66597938125 0.684331796875 0.6618556703125 0.6705069124999999 0.6701030921875 0.668202765625 0.6824742265625 0.6797235015624999 0.7814432984375 0.7154377875 0.832989690625 0.73271889375 0.82474226875
1 0.44930875625000005 0.8597938140625001 0.4562211984375 0.8659793812500001 0.5207373265624999 0.8618556703125 0.523041475 0.8061855671875 0.5103686640625 0.7711340203125 0.5115207374999999 0.736082475 0.5011520734375 0.7092783500000001 0.4815668203125 0.6845360828125 0.45391705 0.6824742265625 0.434331796875 0.6927835046874999 0.41244239687500006 0.7525773203125 0.3928571421875 0.767010309375 0.38018433125 0.7917525765625 0.3790322578125 0.8226804124999999 0.3847926265625 0.8412371140625 0.406682028125 0.8597938140625001 0.44930875625000005 0.8597938140625001
1 0.718894009375 0.9979381437500001 0.7200460828125 0.9876288656250001 0.7350230421874999 0.9814432984374999 0.73271889375 0.9525773203125001 0.70967741875 0.9134020625 0.65322580625 0.898969071875 0.6140553 0.9051546390625 0.59677419375 0.8701030921875 0.5794930875000001 0.8721649484375 0.565668203125 0.8845360828125 0.548387096875 0.863917525 0.5357142859375 0.8721649484375 0.47004608281250004 0.863917525 0.43778801874999995 0.878350515625 0.422811059375 0.8948453609374999 0.42050691249999994 0.93402061875 0.3997695859375 0.97938144375 0.3986175109375 0.9979381437500001 0.718894009375 0.9979381437500001
1 0 0.5773195875 0.0794930875 0.57525773125 0.088709678125 0.5257731953125 0.122119815625 0.5051546390625 0.13018433125 0.47628865937500003 0.12788018437499998 0.43298969062500003 0.110599078125 0.389690721875 0.0806451609375 0.367010309375 0.0472350234375 0.3731958765625 0.0322580640625 0.364948453125 0.0334101375 0.3711340203125 0.0241935484375 0.3773195875 0.013824884374999999 0.3608247421875 0.0046082953125 0.364948453125 0 0.37525773125 0 0.5773195875
1 0.0241935484375 0.9381443296875001 0.0149769578125 0.964948453125 0.013824884374999999 0.9979381437500001 0.31221198125 0.9979381437500001 0.3525345625 0.964948453125 0.343317971875 0.9381443296875001 0.3110599078125 0.919587628125 0.3110599078125 0.845360825 0.2914746546875 0.8020618562499999 0.2684331796875 0.7855670109374999 0.24769585312500003 0.7938144328125001 0.2165898625 0.787628865625 0.20046082968749998 0.7958762890625 0.1658986171875 0.723711340625 0.1359447 0.746391753125 0.1025345625 0.746391753125 0.091013825 0.7649484531249999 0.0633640546875 0.7835051546875 0.0633640546875 0.8082474234375001 0.026497695312500003 0.8144329890625001 0.018433179687500002 0.863917525 0.0299539171875 0.876288659375 0.0299539171875 0.8886597937499999 0.0241935484375 0.898969071875 0.0241935484375 0.9381443296875001