3 0.24642857187499997 0.54318181875 0.24404761874999997 0.50681818125 0.23571428593750002 0.5113636359375 0.225 0.5340909093749999 0.20238095312499998 0.6295454546875 0.19404761875 0.6863636359374999 0.190476190625 0.7477272734375 0.2202380953125 0.675 0.2392857140625 0.6 0.24642857187499997 0.54318181875
3 0.325 0.6 0.3333333328125 0.5477272734375 0.3333333328125 0.5022727265625 0.3261904765625 0.47727272656249997 0.3130952375 0.48863636406250005 0.2988095234375 0.5363636359374999 0.27142857187499997 0.7 0.2678571421875 0.7386363640625 0.272619046875 0.7386363640625 0.302380953125 0.675 0.325 0.6
3 0.43809523749999996 0.4454545453125 0.4392857140625 0.4022727265625 0.428571428125 0.4022727265625 0.415476190625 0.41818181875000004 0.3857142859375 0.484090909375 0.3571428578125 0.5863636359375 0.34404761875 0.66818181875 0.3452380953125 0.7113636359375 0.3797619046875 0.640909090625 0.41904761874999996 0.53181818125 0.43809523749999996 0.4454545453125
3 0.47261904687499995 0.5204545453125 0.4916666671875 0.41136363593749997 0.4928571421875 0.35681818125000003 0.48809523749999995 0.3363636359375 0.4761904765625 0.3454545453125 0.45595238125000004 0.4045454546875 0.4297619046875 0.5227272734375 0.4166666671875 0.61818181875 0.415476190625 0.6636363640625 0.4202380953125 0.6704545453125 0.44285714218749994 0.6227272734375 0.47261904687499995 0.5204545453125
3 0.53095238125 0.4227272734375 0.5392857140625 0.34090909062499997 0.5333333328125 0.2977272734375 0.5166666671875 0.3227272734375 0.5071428578125 0.3613636359375 0.484523809375 0.5681818187500001 0.48333333281249996 0.615909090625 0.48690476250000003 0.6204545453125 0.5047619046875 0.5613636359374999 0.53095238125 0.4227272734375
3 0.6011904765625 0.3363636359375 0.6023809531250001 0.2522727265625 0.590476190625 0.2136363640625 0.5797619046875 0.2136363640625 0.5642857140624999 0.259090909375 0.5571428578125001 0.30681818125000004 0.55 0.4295454546875 0.55 0.5386363640625 0.55595238125 0.565909090625 0.56904761875 0.5227272734375 0.6011904765625 0.3363636359375
3 0.6630952375 0.3545454546875 0.671428571875 0.2704545453125 0.6678571421874999 0.190909090625 0.659523809375 0.15681818125 0.646428571875 0.17045454531249998 0.6369047625 0.2022727265625 0.6261904765625 0.315909090625 0.625 0.42045454531250004 0.6297619046875 0.48863636406250005 0.634523809375 0.49090909062500004 0.6630952375 0.3545454546875
3 0.753571428125 0.24318181874999997 0.7619047625 0.06136363593750001 0.759523809375 0.018181818750000002 0.7523809531250001 0.0227272734375 0.7369047625 0.059090909375 0.722619046875 0.15 0.71904761875 0.290909090625 0.728571428125 0.3772727265625 0.7392857140625 0.3477272734375 0.753571428125 0.24318181874999997
3 0.290476190625 0.940909090625 0.3142857140625 0.9295454546874999 0.2642857140625 0.8363636359375001 0.203571428125 0.775 0.20595238125 0.8 0.222619046875 0.84318181875 0.26904761875 0.9227272734374999 0.290476190625 0.940909090625
3 0.38333333281250004 0.9727272734374999 0.39642857187499997 0.9727272734374999 0.39404761875 0.93181818125 0.372619046875 0.875 0.334523809375 0.81818181875 0.28095238125 0.7704545453125 0.2797619046875 0.78181818125 0.290476190625 0.8113636359375 0.3607142859375 0.9454545453125001 0.38333333281250004 0.9727272734374999
3 0.496428571875 0.940909090625 0.5107142859375 0.940909090625 0.5166666671875 0.93181818125 0.5178571421875 0.9136363640624999 0.5071428578125 0.875 0.4761904765625 0.8295454546875 0.375 0.75 0.3571428578125 0.7454545453125 0.359523809375 0.7636363640625 0.3797619046875 0.8022727265625 0.4547619046875 0.90681818125 0.496428571875 0.940909090625
3 0.5607142859375001 0.8477272734374999 0.5869047625 0.84318181875 0.5761904765625 0.809090909375 0.5380952375 0.76818181875 0.4547619046875 0.7113636359375 0.43809523749999996 0.71818181875 0.43214285781250006 0.7045454546875 0.43095238125 0.7159090906250001 0.447619046875 0.740909090625 0.5238095234375 0.8227272734375 0.5607142859375001 0.8477272734374999
3 0.628571428125 0.7522727265625 0.6571428578125 0.73181818125 0.6511904765625001 0.7136363640625001 0.6119047625 0.6863636359374999 0.50595238125 0.6545454546875 0.484523809375 0.65681818125 0.4892857140625 0.6727272734375 0.5333333328125 0.7159090906250001 0.5821428578125001 0.7454545453125 0.628571428125 0.7522727265625
3 0.7238095234374999 0.7113636359375 0.7392857140625 0.6954545453125001 0.7309523812500001 0.6613636359374999 0.6880952375 0.6204545453125 0.6023809531250001 0.5863636359375 0.5678571421874999 0.5886363640625001 0.5714285718750001 0.6045454546875 0.6011904765625 0.6386363640625 0.6785714281249999 0.7 0.7238095234374999 0.7113636359375
3 0.8047619046875001 0.5613636359374999 0.8357142859375 0.5477272734375 0.8452380953124999 0.5340909093749999 0.840476190625 0.51818181875 0.8261904765624999 0.5045454546875 0.784523809375 0.49090909062500004 0.697619046875 0.5 0.6428571421875 0.5227272734375 0.6488095234375 0.53181818125 0.6964285718750001 0.55 0.7642857140625 0.5613636359374999 0.8047619046875001 0.5613636359374999
3 0.9142857140625 0.47727272656249997 0.925 0.465909090625 0.8571428578125 0.39318181874999997 0.7607142859375 0.3863636359375 0.7380952375 0.40681818124999997 0.7452380953125 0.41590909062500003 0.7857142859375 0.41818181875000004 0.8797619046875 0.47727272656249997 0.9142857140625 0.47727272656249997