0 0.06338028125 0.48048048125 0.0651408453125 0.44744744687500004 0.05105633750000001 0.41741741718750003 0.0158450703125 0.41141141093750005 0 0.42042042031250004 0.0017605640624999998 0.4984984984375 0.0334507046875 0.5075075078125 0.06338028125 0.48048048125
0 0 0.6396396390625 0.017605634375000002 0.6516516515624999 0.03697183125 0.6456456453125 0.059859154687500006 0.609609609375 0.0651408453125 0.5855855859375 0.06161971875 0.5585585578125001 0.045774648437499996 0.5285285281250001 0.0105633796875 0.53153153125 0 0.5465465468749999 0 0.6396396390625
0 0.156690140625 0.6636636640625 0.1760563375 0.6126126125 0.169014084375 0.5705705703125 0.1531690140625 0.5495495499999999 0.1232394359375 0.552552553125 0.0968309859375 0.603603603125 0.095070421875 0.6486486484375 0.1161971828125 0.678678678125 0.13732394375 0.678678678125 0.156690140625 0.6636636640625
0 0.167253521875 0.47747747812499997 0.167253521875 0.4234234234375 0.1531690140625 0.39339339375 0.139610915625 0.3851741734375 0.117957746875 0.384384384375 0.105633803125 0.4084084078125 0.10387323906249998 0.459459459375 0.1214788734375 0.49549549531250003 0.1408450703125 0.5045045046875 0.167253521875 0.47747747812499997
0 0.095070421875 0.36636636562499997 0.095070421875 0.3333333328125 0.0774647890625 0.30630630625 0.054577464062500004 0.297297296875 0.0352112671875 0.321321321875 0.0334507046875 0.3513513515625 0.054577464062500004 0.3873873875 0.080985915625 0.390390390625 0.095070421875 0.36636636562499997
0 0.075704225 0.303303303125 0.1021126765625 0.2852852859375 0.1161971828125 0.23723723749999998 0.10387323906249998 0.20720720781250002 0.08802816875 0.1951951953125 0.045774648437499996 0.2012012015625 0.0404929578125 0.2102102109375 0.0402904921875 0.24612612656250002 0.044014084375 0.2762762765625 0.075704225 0.303303303125
0 0.117957746875 0.08108108124999999 0.117957746875 0.0360360359375 0.09859155 0.006006006249999999 0.0792253515625 0 0.0528169015625 0.030030029687499998 0.056338028124999995 0.075075075 0.0792253515625 0.10210210156249999 0.1021126765625 0.10210210156249999 0.117957746875 0.08108108124999999
0 0.23591549218750002 0.2012012015625 0.242957746875 0.159159159375 0.2271126765625 0.11411411406250001 0.20774647812499997 0.10810810781249999 0.1725352109375 0.165165165625 0.1760563375 0.2012012015625 0.193019365625 0.2253513515625 0.21126760625 0.22822822812500002 0.23591549218750002 0.2012012015625
0 0.230633803125 0.3423423421875 0.23591549218750002 0.2882882890625 0.218309859375 0.24624624687500002 0.1795774640625 0.240240240625 0.169014084375 0.26426426406250003 0.16373239374999998 0.32432432499999997 0.181338028125 0.36336336406249997 0.2095070421875 0.36936936875000004 0.230633803125 0.3423423421875
0 0.1584507046875 0.7927927921875 0.1707746484375 0.759759759375 0.167253521875 0.7207207203125 0.14612676093750002 0.690690690625 0.1091549296875 0.690690690625 0.08978873281250001 0.7207207203125 0.0915492953125 0.771771771875 0.117957746875 0.8078078078125 0.1433591546875 0.8134984984375 0.1584507046875 0.7927927921875
0 0.181338028125 0.8768768765624999 0.1848591546875 0.8168168171874999 0.1760563375 0.8048048046874999 0.154929578125 0.7987987984375 0.132042253125 0.8228228234375001 0.1267605640625 0.8768768765624999 0.14523239375000002 0.904597596875 0.1654929578125 0.8948948953125001 0.181338028125 0.8768768765624999
0 0.30457746406249997 0.939939940625 0.2605633796875 0.9369369375 0.242957746875 0.9669669671875001 0.242957746875 0.996996996875 0.32042253593750003 0.996996996875 0.318661971875 0.9639639640625 0.30457746406249997 0.939939940625
0 0.32042253593750003 0.7147147140625 0.3221830984375 0.6606606609375001 0.30457746406249997 0.6366366359375 0.2711267609375 0.6306306312500001 0.2588028171875 0.6456456453125 0.25176056406249997 0.6876876875 0.267605634375 0.7267267265624999 0.2957746484375 0.7387387390625 0.32042253593750003 0.7147147140625
0 0.3274647890625 0.552552553125 0.3345070421875 0.5015015015625 0.318661971875 0.471471471875 0.29225352187500003 0.46846846875 0.26936619687499996 0.4924924921875 0.2588028171875 0.51951951875 0.26232394375 0.5675675671875 0.2711267609375 0.5825825828125 0.2957746484375 0.5885885890625 0.3274647890625 0.552552553125
0 0.32042253593750003 0.1981981984375 0.32042253593750003 0.15615615625 0.3010563375 0.1171171171875 0.267605634375 0.10810810781249999 0.24823943593750003 0.135135134375 0.2464788734375 0.171171171875 0.267605634375 0.2132132125 0.299295775 0.22522522500000003 0.32042253593750003 0.1981981984375
0 0.3838028171875 0.2822822828125 0.40140845 0.2522522515625 0.39436619687499996 0.20420420468749997 0.37323943593750003 0.1771771765625 0.3468309859375 0.1921921921875 0.33802816875 0.20720720781250002 0.33802816875 0.23723723749999998 0.3538732390625 0.2702702703125 0.3838028171875 0.2822822828125
0 0.3521126765625 0.42042042031250004 0.3538732390625 0.37837837812499997 0.343309859375 0.3513513515625 0.31338028125 0.3483483484375 0.294014084375 0.384384384375 0.294014084375 0.41741741718750003 0.31338028125 0.45045045000000006 0.3345070421875 0.45045045000000006 0.3521126765625 0.42042042031250004
0 0.4278169015625 0.5105105109375 0.4207746484375 0.46846846875 0.40669014062500003 0.453453453125 0.3838028171875 0.45645645625000003 0.35915492968749996 0.4924924921875 0.35915492968749996 0.5465465468749999 0.37852112656250003 0.5735735734375 0.4031690140625 0.5675675671875 0.4278169015625 0.5105105109375
0 0.41549295781250006 0.4234234234375 0.41197183125 0.38138138125 0.39084507031250004 0.3543543546875 0.367957746875 0.36336336406249997 0.357394365625 0.384384384375 0.35563380312500004 0.4264264265625 0.369718309375 0.453453453125 0.3978873234375 0.45045045000000006 0.41549295781250006 0.4234234234375
0 0.43661971875 0.3453453453125 0.4401408453125 0.29429429375 0.431338028125 0.2672672671875 0.40669014062500003 0.2552552546875 0.38732394375 0.2762762765625 0.3838028171875 0.32732732656249997 0.39084507031250004 0.3513513515625 0.419014084375 0.36636636562499997 0.43661971875 0.3453453453125
0 0.4278169015625 0.18918918906249999 0.4348591546875 0.165165165625 0.42957746406249997 0.1171171171875 0.40669014062500003 0.09609609687500001 0.3890845078125 0.09609609687500001 0.37147887343749997 0.1201201203125 0.375 0.1741741734375 0.392605634375 0.1981981984375 0.41549295781250006 0.20420420468749997 0.4278169015625 0.18918918906249999
0 0.4401408453125 0.708708709375 0.4348591546875 0.675675675 0.419014084375 0.6546546546875 0.38732394375 0.6576576578125 0.37147887343749997 0.684684684375 0.37323943593750003 0.7237237234375 0.39436619687499996 0.7477477484375 0.42253521093749996 0.7477477484375 0.4401408453125 0.708708709375
0 0.49823943593750003 0.771771771875 0.4964788734375 0.7267267265624999 0.46830985937499997 0.69369369375 0.443661971875 0.708708709375 0.42957746406249997 0.7447447453125 0.431338028125 0.8048048046874999 0.4542253515625 0.83183183125 0.482394365625 0.8168168171874999 0.49823943593750003 0.771771771875
0 0.37323943593750003 0.6606606609375001 0.380281690625 0.60660660625 0.37147887343749997 0.5675675671875 0.35563380312500004 0.552552553125 0.3397887328125 0.5555555562500001 0.318661971875 0.5915915921875 0.31161971875 0.6396396390625 0.33274647812499997 0.68168168125 0.3538732390625 0.68168168125 0.37323943593750003 0.6606606609375001
0 0.5052816906250001 0.93093093125 0.48415492968749996 0.921921921875 0.4647887328125 0.9459459453125 0.46302816875 0.996996996875 0.5140845078125 0.99399399375 0.5158450703125 0.9609609609374999 0.5052816906250001 0.93093093125
0 0.5528169015625 0.8858858859375 0.5475352109375 0.846846846875 0.51232394375 0.8108108109375 0.492957746875 0.8078078078125 0.4753521125 0.846846846875 0.47711267656249995 0.8948948953125001 0.5070422531250001 0.93093093125 0.529929578125 0.93093093125 0.5528169015625 0.8858858859375
0 0.568661971875 0.91891891875 0.542253521875 0.921921921875 0.52640845 0.9489489484375 0.5246478875 0.996996996875 0.5915492953125 0.996996996875 0.5897887328125 0.9669669671875001 0.568661971875 0.91891891875
0 0.5598591546875 0.6606606609375001 0.5545774640625 0.61861861875 0.5352112671875 0.597597596875 0.51232394375 0.60660660625 0.4964788734375 0.6486486484375 0.5 0.69369369375 0.5246478875 0.7177177171875 0.5457746484375 0.7057057062500001 0.5598591546875 0.6606606609375001
0 0.5140845078125 0.5645645640625 0.5140845078125 0.525525525 0.4964788734375 0.4924924921875 0.47007042187500003 0.48648648593750005 0.4471830984375 0.5165165171874999 0.44542253593750003 0.5495495499999999 0.4665492953125 0.5915915921875 0.49471830937499994 0.5945945953125 0.5140845078125 0.5645645640625
0 0.46302816875 0.48348348281250003 0.4753521125 0.45045045000000006 0.46830985937499997 0.390390390625 0.43661971875 0.375375375 0.4207746484375 0.39939939999999996 0.41725352187500003 0.44444444375 0.42429577500000004 0.47447447499999995 0.4401408453125 0.4924924921875 0.46302816875 0.48348348281250003
0 0.5158450703125 0.2762762765625 0.5105633796875 0.23723723749999998 0.47711267656249995 0.2102102109375 0.44542253593750003 0.2582582578125 0.443661971875 0.30630630625 0.4665492953125 0.3333333328125 0.5 0.31831831875 0.5158450703125 0.2762762765625
0 0.575704225 0.2822822828125 0.5739436625 0.23723723749999998 0.56338028125 0.21621621562499999 0.5387323937499999 0.20420420468749997 0.519366196875 0.22822822812500002 0.517605634375 0.2822822828125 0.5246478875 0.29429429375 0.5528169015625 0.30630630625 0.575704225 0.2822822828125
0 0.5510563375 0.16816816875 0.5669014078125 0.141141140625 0.5669014078125 0.10210210156249999 0.5528169015625 0.072072071875 0.5140845078125 0.072072071875 0.5017605640625 0.10210210156249999 0.5017605640625 0.14414414375 0.517605634375 0.171171171875 0.536894365625 0.177402403125 0.5510563375 0.16816816875
0 0.6355633796875 0.2012012015625 0.63732394375 0.15015015 0.6197183093749999 0.0990990984375 0.59859155 0.08708708750000001 0.5721830984375 0.1201201203125 0.5739436625 0.16816816875 0.5915492953125 0.20720720781250002 0.6214788734375001 0.21921921875 0.6355633796875 0.2012012015625
0 0.7095070421874999 0.0570570578125 0.707746478125 0.030030029687499998 0.681338028125 0.0030030031249999997 0.6461267609375 0.0210210203125 0.6390845078125 0.0390390390625 0.6390845078125 0.090090090625 0.6566901406250001 0.11411411406250001 0.68838028125 0.1051051046875 0.7095070421874999 0.0570570578125
0 0.71302816875 0.24924925 0.7165492953125 0.1921921921875 0.707746478125 0.159159159375 0.6760563375 0.15615615625 0.6566901406250001 0.1921921921875 0.654929578125 0.22822822812500002 0.6637323937499999 0.2612612609375 0.6954225359375 0.2762762765625 0.71302816875 0.24924925
0 0.7816901406250001 0.222222221875 0.7904929578125001 0.1771771765625 0.77640845 0.135135134375 0.7588028171875 0.1201201203125 0.73767605625 0.1201201203125 0.720070421875 0.14414414375 0.720070421875 0.1921921921875 0.73767605625 0.23123123125 0.769366196875 0.23723723749999998 0.7816901406250001 0.222222221875
0 0.6778169015625 0.36936936875000004 0.693661971875 0.3543543546875 0.6971830984375 0.303303303125 0.6778169015625 0.2702702703125 0.6531690140624999 0.2672672671875 0.63732394375 0.29429429375 0.642605634375 0.3423423421875 0.654929578125 0.3453453453125 0.6584507046875 0.3603603609375 0.6778169015625 0.36936936875000004
0 0.66197183125 0.396396396875 0.6584507046875 0.3453453453125 0.6285211265624999 0.3453453453125 0.6144366203125 0.36636636562499997 0.61267605625 0.39339339375 0.6267605640625 0.4144144140625 0.6531690140624999 0.41141141093750005 0.66197183125 0.396396396875
0 0.693661971875 0.4324324328125 0.6778169015625 0.4084084078125 0.6602112671875 0.40540540468749997 0.6390845078125 0.44444444375 0.642605634375 0.48048048125 0.6725352109375 0.4894894890625 0.6848591546875 0.48048048125 0.693661971875 0.4324324328125
0 0.6338028171875 0.5795795796875 0.6390845078125 0.525525525 0.625 0.4924924921875 0.6021126765625 0.48348348281250003 0.582746478125 0.5045045046875 0.580985915625 0.5585585578125001 0.5915492953125 0.5855855859375 0.6197183093749999 0.5915915921875 0.6338028171875 0.5795795796875
0 0.7711267609375 0.453453453125 0.7746478875 0.39339339375 0.7552816906250001 0.3513513515625 0.7341549296875 0.3513513515625 0.707746478125 0.3873873875 0.707746478125 0.4264264265625 0.7288732390625 0.465465465625 0.7535211265624999 0.471471471875 0.7711267609375 0.453453453125
0 0.7288732390625 0.534534534375 0.732394365625 0.47447447499999995 0.7095070421874999 0.44744744687500004 0.6919014078125 0.4624624625 0.68661971875 0.48048048125 0.6919014078125 0.525525525 0.7112676062500001 0.5465465468749999 0.7288732390625 0.534534534375
0 0.8838028171874999 0.31531531562500004 0.880281690625 0.27327327343749996 0.8644366203124999 0.2522522515625 0.8433098593749999 0.2552552546875 0.8221830984375 0.2882882890625 0.8204225359375 0.3303303296875 0.8415492953125 0.3603603609375 0.86267605625 0.3573573578125 0.8838028171874999 0.31531531562500004
0 0.9154929578125 0.09309309375 0.91197183125 0.072072071875 0.880281690625 0.0330330328125 0.8591549296875 0.0330330328125 0.8450704218749999 0.060060059374999995 0.8450704218749999 0.1111111109375 0.867957746875 0.141141140625 0.9031690140625 0.1291291296875 0.9154929578125 0.09309309375
0 0.8742112671875001 0.4682792796875 0.8890845078125 0.453453453125 0.8978873234375 0.41741741718750003 0.8838028171874999 0.37837837812499997 0.8609154921875 0.36936936875000004 0.8415492953125 0.390390390625 0.83802816875 0.41741741718750003 0.8468309859375 0.45045045000000006 0.857394365625 0.4624624625 0.8742112671875001 0.4682792796875
0 0.9841549296875 0.4924924921875 0.98767605625 0.44444444375 0.9735915500000001 0.4144144140625 0.931338028125 0.4084084078125 0.9190140843749999 0.42042042031250004 0.9084507046875 0.46846846875 0.9260563375 0.5015015015625 0.9612676062500001 0.5135135140625 0.9841549296875 0.4924924921875
0 0.9154929578125 0.609609609375 0.91197183125 0.5555555562500001 0.894366196875 0.51951951875 0.8644366203124999 0.5135135140625 0.8433098593749999 0.5465465468749999 0.8485915500000001 0.60660660625 0.8714788734375001 0.6366366359375 0.8961267609375 0.6396396390625 0.9154929578125 0.609609609375
0 0.9735915500000001 0.6276276281250001 0.9788732390625 0.5675675671875 0.9665492953125 0.525525525 0.9348591546874999 0.5165165171874999 0.9154929578125 0.5375375375 0.9190140843749999 0.603603603125 0.9278169015625 0.624624625 0.9454225359375 0.6426426421875 0.9735915500000001 0.6276276281250001
0 0.957746478125 0.7177177171875 0.9612676062500001 0.69369369375 0.9542253515624999 0.6636636640625 0.9348591546874999 0.633633634375 0.9154929578125 0.6276276281250001 0.892605634375 0.6516516515624999 0.8908450703125 0.69369369375 0.9137323937499999 0.7387387390625 0.943661971875 0.7387387390625 0.957746478125 0.7177177171875
0 0.825704225 0.753753753125 0.8221830984375 0.696696696875 0.8010563375 0.6726726734375 0.769366196875 0.675675675 0.7447183093749999 0.7117117109375 0.7482394359375 0.759759759375 0.7711267609375 0.783783784375 0.8116197187499999 0.777777778125 0.825704225 0.753753753125
0 0.730633803125 0.9429429421875 0.7341549296875 0.8828828828124999 0.7095070421874999 0.846846846875 0.6848591546875 0.84984985 0.669014084375 0.8948948953125001 0.669014084375 0.924924925 0.68838028125 0.9609609609374999 0.7183098593749999 0.9639639640625 0.730633803125 0.9429429421875
0 0.6478873234375 0.8408408406250001 0.644366196875 0.78078078125 0.6285211265624999 0.75075075 0.607394365625 0.75075075 0.595070421875 0.774774775 0.5915492953125 0.8048048046874999 0.6021126765625 0.84384384375 0.6338028171875 0.858858859375 0.6478873234375 0.8408408406250001
0 0.7957746484375 0.9429429421875 0.7887323937499999 0.9009009015625 0.76232394375 0.8828828828124999 0.75 0.8888888890625 0.7359154921875 0.91891891875 0.7271126765625 0.9549549546874999 0.7341549296875 0.99399399375 0.7816901406250001 0.996996996875 0.7957746484375 0.9429429421875
0 0.9771126765625 0.9879879875 0.9982394359375 0.9729729734375001 0.9982394359375 0.8858858859375 0.96302816875 0.8738738734375 0.9366197187499999 0.9009009015625 0.931338028125 0.9129129125000001 0.9330985921874999 0.9579579578124999 0.943661971875 0.9789789796875 0.9771126765625 0.9879879875
0 0.91197183125 0.8738738734375 0.9190140843749999 0.8228228234375001 0.9031690140625 0.7897897890625 0.8732394359375 0.777777778125 0.8503521125000001 0.7897897890625 0.8450704218749999 0.8018018015624999 0.8503521125000001 0.852852853125 0.8855633796875001 0.8858858859375 0.91197183125 0.8738738734375
0 0.7728873234375 0.858858859375 0.7728873234375 0.8048048046874999 0.7517605640625 0.771771771875 0.7253521125 0.78078078125 0.71302816875 0.8108108109375 0.7147887328125 0.846846846875 0.7394366203125 0.8828828828124999 0.76232394375 0.8798798796874999 0.7728873234375 0.858858859375
0 0.7024647890625 0.7357357359375001 0.6989436625 0.702702703125 0.6830985921875 0.68168168125 0.6566901406250001 0.68168168125 0.6338028171875 0.708708709375 0.6320422531250001 0.75075075 0.6496478875 0.771771771875 0.6848591546875 0.771771771875 0.7024647890625 0.7357357359375001
0 0.3292253515625 0.31531531562500004 0.3292253515625 0.26426426406250003 0.31514084531250003 0.23723723749999998 0.29225352187500003 0.23723723749999998 0.2711267609375 0.2582582578125 0.267605634375 0.2822822828125 0.2834507046875 0.32432432499999997 0.30985915468749997 0.3363363359375 0.3292253515625 0.31531531562500004