3 0.5114583328125 0.6351851859375001 0.5020833328125 0.6129629624999999 0.4916666671875 0.60555555625 0.47083333281249995 0.60555555625 0.45208333281249996 0.627777778125 0.45104166718750005 0.6574074078125001 0.4614583328125 0.6740740734374999 0.4875 0.6703703703125 0.5114583328125 0.6351851859375001
3 0.525 0.7796296296875 0.53125 0.759259259375 0.5322916671875 0.7351851859375 0.5239583328124999 0.690740740625 0.5104166671875 0.6740740734374999 0.5010416671875 0.6833333328125 0.49375 0.7166666671875 0.4927083328125 0.7425925921875 0.5010416671875 0.7740740734375 0.5125 0.7851851859375001 0.525 0.7796296296875
3 0.7515552078125001 0.5859925921875 0.758321875 0.570527778125 0.759771875 0.5507648140625 0.7568718750000001 0.5327203703125 0.7479166671875 0.5203703703125 0.7375 0.527777778125 0.72980625 0.547327778125 0.7264229171875 0.581696296875 0.7317395828125 0.59544444375 0.7375395828125 0.5971629625 0.7515552078125001 0.5859925921875
3 0.8802083328125001 0.91851851875 0.8927083328125001 0.8851851859375 0.8895833328125 0.85555555625 0.878125 0.8518518515625001 0.8635416671874999 0.8666666671875 0.859375 0.88148148125 0.8604166671875 0.909259259375 0.86875 0.9203703703125001 0.8802083328125001 0.91851851875
5 0.9989583328125 0.9759259265625 0.9989583328125 0.9333333328125001 0.9583333328125001 0.872222221875 0.9697916671875 0.8351851859374999 0.98125 0.8333333328125001 0.9822916671874999 0.81851851875 0.9895833328125001 0.8129629625 0.990625 0.8 0.9989583328125 0.7981481484375 0.9989583328125 0.7574074078125 0.9822916671874999 0.7351851859375 0.9822916671874999 0.7166666671875 0.9666666671874999 0.7148148140624999 0.9541666671875 0.7240740734375 0.94375 0.753703703125 0.9072916671875 0.7888888890625 0.9104166671874999 0.8148148140625 0.896875 0.85555555625 0.8989583328125 0.8648148140625 0.9989583328125 0.9759259265625
5 0.8666666671875 0.3481481484375 0.8760416671875 0.3148148140625 0.8739583328125 0.29444444375 0.8625 0.296296296875 0.8458333328125001 0.2870370375 0.8427083328125 0.2925925921875 0.8333333328125001 0.3574074078125 0.8395833328125001 0.3648148140625 0.853125 0.3648148140625 0.8666666671875 0.3481481484375
5 0.3895833328125 0.4703703703125 0.453125 0.5129629625 0.465625 0.5074074078125 0.4635416671875 0.49444444374999996 0.421875 0.46851851875 0.40208333281249997 0.4388888890625 0.3802083328125 0.38333333281250004 0.3739583328125 0.39074074062499997 0.36770833281250004 0.403703703125 0.38229166718749996 0.45 0.3885416671875 0.45555555625000005 0.3895833328125 0.4703703703125
5 0.2427083328125 0.5666666671875 0.25729166718749996 0.5870370375 0.2635416671875 0.60555555625 0.2802083328125 0.609259259375 0.290625 0.6203703703125 0.315625 0.622222221875 0.3322916671875 0.5981481484375 0.2791666671875 0.5666666671875 0.2697916671875 0.5481481484375 0.25 0.5314814812499999 0.2479166671875 0.522222221875 0.2364583328125 0.540740740625 0.203125 0.5240740734375 0.175 0.5240740734375 0.171875 0.527777778125 0.1739583328125 0.5333333328125 0.20416666718749998 0.5555555562500001 0.2427083328125 0.5666666671875
5 0.38125 0.859259259375 0.384375 0.840740740625 0.3489583328125 0.796296296875 0.3291666671875 0.8018518515625 0.325 0.8296296296874999 0.3458333328125 0.8648148140625 0.3697916671875 0.86851851875 0.38125 0.859259259375
5 0.55625 0.49444444374999996 0.5625 0.5129629625 0.5885416671875 0.5388888890625 0.590625 0.546296296875 0.5864583328124999 0.5611111109375 0.5975697921875 0.5611111109375 0.601334375 0.5660370375 0.601334375 0.614922221875 0.6302791671875 0.6329333328125 0.6585010421875 0.6548018515625 0.678125 0.6518518515625 0.678125 0.6074074078125 0.6708333328125 0.5888888890625 0.6697916671875 0.5703703703125 0.665625 0.56851851875 0.6527114578125001 0.54159444375 0.653125 0.4888888890625 0.653125 0.477777778125 0.6458333328125 0.46296296249999996 0.65 0.44259259218749997 0.6416666671875 0.42592592656250006 0.6260416671875 0.41851851875 0.6072916671875 0.4388888890625 0.5958333328125 0.43148148124999997 0.5875 0.41111111093749997 0.559375 0.4018518515625 0.5708333328124999 0.4203703703125 0.5729166671875 0.4388888890625 0.5604166671875 0.45370370312499997 0.55625 0.49444444374999996
5 0.6833333328125 0.3796296296875 0.690625 0.36851851875 0.6895833328125 0.322222221875 0.6927083328125 0.3111111109375 0.6875 0.309259259375 0.684375 0.3203703703125 0.6708020828125 0.36020555625 0.6592239578125 0.34348148125 0.6489583328124999 0.3333333328125 0.646875 0.35555555625 0.644028125 0.416809259375 0.653125 0.43148148124999997 0.6802083328124999 0.4074074078125 0.6833333328125 0.3796296296875
5 0.7447916671875 0.46851851875 0.7697916671875 0.48518518593750004 0.7958333328125 0.48518518593750004 0.7979166671875 0.490740740625 0.8104166671874999 0.490740740625 0.8229166671874999 0.4796296296875 0.8447916671875 0.48333333281249996 0.8260416671874999 0.43148148124999997 0.8291666671875 0.4074074078125 0.8375 0.403703703125 0.834375 0.3888888890625 0.8270833328125 0.38333333281250004 0.815625 0.3851851859375 0.7916666671875 0.4074074078125 0.7885416671875001 0.3888888890625 0.7833333328125 0.38703703749999996 0.7760416671875 0.4018518515625 0.7770833328125 0.4296296296875 0.7552083328125 0.44629629687500005 0.734375 0.440740740625 0.73125 0.4296296296875 0.7166666671875 0.42222222187499997 0.7125 0.427777778125 0.7145833328125 0.44259259218749997 0.7083333328125 0.4611111109375 0.7270833328124999 0.48148148125 0.7447916671875 0.46851851875
5 0.08333333281250001 0.8129629625 0.1020833328125 0.8074074078125 0.125 0.8203703703125 0.1354166671875 0.8444444437499999 0.1354166671875 0.85555555625 0.1447916671875 0.853703703125 0.18125 0.8111111109375001 0.1854166671875 0.7981481484375 0.1864583328125 0.7888888890625 0.1739583328125 0.7888888890625 0.149790625 0.7795870375 0.1354166671875 0.73148148125 0.121875 0.7351851859375 0.1135416671875 0.7574074078125 0.1010416671875 0.746296296875 0.096875 0.753703703125 0.1052083328125 0.7740740734375 0.1010416671875 0.7833333328125 0.103125 0.8 0.08333333281250001 0.8129629625