0 0.7010416671875 0.2484375 0.721875 0.26015625 0.7489583328125 0.2671875 0.7739583328124999 0.26640625 0.7958333328125 0.25859375 0.803125 0.2390625 0.7947916671875 0.2125 0.7760416671875 0.18828125 0.746875 0.16953125 0.7177083328125 0.1609375 0.696875 0.1609375 0.678125 0.17109375 0.6708333328125 0.18671875 0.6708333328125 0.2015625 0.678125 0.2203125 0.6885416671875 0.2375 0.7010416671875 0.2484375
0 0.8614583328125001 0.39375 0.9114583328125001 0.403125 0.93125 0.40234375 0.95 0.396875 0.965625 0.3828125 0.96875 0.3640625 0.9604166671875 0.35078125 0.9302083328125 0.33046875 0.9041666671874999 0.31953125 0.853125 0.3109375 0.825 0.31796875 0.8114583328125 0.3296875 0.809375 0.34140625 0.815625 0.3625 0.8302083328125001 0.37890625 0.8614583328125001 0.39375
0 0.71875 0.4578125 0.7479166671875 0.44375 0.775 0.4234375 0.790625 0.3984375 0.7895833328124999 0.38515625 0.7822916671875 0.378125 0.7677083328125 0.37421875 0.721875 0.37890625 0.696875 0.390625 0.6739583328125 0.40703125 0.659375 0.42890625 0.6604166671875 0.45390625 0.665625 0.4578125 0.684375 0.46328125 0.71875 0.4578125
0 0.9072916671875 0.5453125 0.940625 0.525 0.9614583328125 0.4984375 0.9697916671875 0.475 0.9645833328125001 0.44765625 0.940625 0.4359375 0.9114583328125001 0.4375 0.890625 0.446875 0.8604166671875 0.4703125 0.84375 0.496875 0.84375 0.5203125 0.853125 0.5359375 0.878125 0.546875 0.9072916671875 0.5453125
0 0.596875 0.56640625 0.6166666671875001 0.56640625 0.6354166671875 0.55390625 0.6520833328125 0.525 0.6552083328125 0.49375 0.6447916671875 0.4703125 0.621875 0.45859375 0.596875 0.4609375 0.571875 0.4796875 0.5583333328125 0.5109375 0.5583333328125 0.5296875 0.5677083328125 0.55078125 0.5791666671875 0.56015625 0.596875 0.56640625
0 0.5052083328125 0.36015625 0.5375 0.3609375 0.571875 0.35703125 0.6052083328125 0.3375 0.6135416671875 0.3234375 0.609375 0.30703125 0.59375 0.2953125 0.571875 0.28671875 0.5385416671875001 0.28203125 0.5114583328125 0.28203125 0.4760416671875 0.28828125 0.453125 0.29765625 0.43958333281249995 0.31171875 0.43958333281249995 0.3296875 0.45416666718750004 0.34609375 0.48229166718750005 0.35703125 0.5052083328125 0.36015625
0 0.41979166718750005 0.2296875 0.4302083328125 0.22421875 0.44375 0.209375 0.44895833281249997 0.1921875 0.4479166671875 0.1796875 0.44166666718750003 0.16953125 0.4302083328125 0.1609375 0.39375 0.1625 0.365625 0.178125 0.35 0.2 0.3489583328125 0.2234375 0.3635416671875 0.23515625 0.3802083328125 0.2375 0.41979166718750005 0.2296875
0 0.5020833328125 0.25546875 0.534375 0.27890625 0.5604166671875 0.28203125 0.5958333328125 0.29296875 0.6302083328125 0.2828125 0.6489583328124999 0.265625 0.65 0.253125 0.6375 0.23359375 0.6208333328125 0.2203125 0.5791666671875 0.203125 0.5427083328125 0.1984375 0.515625 0.20078125 0.49375 0.20859375 0.4916666671875 0.2046875 0.4760416671875 0.20234375 0.46770833281249996 0.2046875 0.47083333281249995 0.2140625 0.48854166718750003 0.21953125 0.48645833281249995 0.2328125 0.5020833328125 0.25546875
0 0.084375 0.58046875 0.10625 0.5640625 0.115625 0.54375 0.1260416671875 0.5328125 0.12291666718750001 0.51015625 0.1052083328125 0.4984375 0.09375 0.4953125 0.059375 0.4984375 0.03125 0.5171875 0.015625 0.540625 0.0166666671875 0.571875 0.0364583328125 0.5875 0.065625 0.5875 0.084375 0.58046875
0 0.2260416671875 0.74296875 0.2875 0.71953125 0.3229166671875 0.69296875 0.3322916671875 0.66953125 0.3302083328125 0.653125 0.32083333281250004 0.64453125 0.3010416671875 0.63671875 0.2677083328125 0.6359375 0.2416666671875 0.63984375 0.21875 0.64765625 0.1739583328125 0.6703125 0.1520833328125 0.68671875 0.1385416671875 0.70703125 0.1385416671875 0.721875 0.1583333328125 0.740625 0.1739583328125 0.74453125 0.2260416671875 0.74296875
0 0.3 0.9328125 0.32083333281250004 0.9328125 0.3541666671875 0.92734375 0.3927083328125 0.91171875 0.4291666671875 0.88671875 0.44375 0.86484375 0.4427083328125 0.84375 0.428125 0.8265625 0.4125 0.821875 0.371875 0.8234375 0.3479166671875 0.83125 0.3416666671875 0.83046875 0.28958333281250004 0.85703125 0.271875 0.87109375 0.259375 0.88828125 0.25625 0.90546875 0.26875 0.92109375 0.2791666671875 0.928125 0.3 0.9328125
0 0.41770833281249997 0.81015625 0.434375 0.80390625 0.4479166671875 0.79375 0.453125 0.78671875 0.4583333328125 0.7640625 0.453125 0.74296875 0.4375 0.72421875 0.403125 0.7 0.3770833328125 0.68984375 0.346875 0.68828125 0.3260416671875 0.69453125 0.3125 0.7125 0.3125 0.73515625 0.3260416671875 0.76015625 0.36875 0.79765625 0.41770833281249997 0.81015625
0 0.5989583328125 0.7125 0.6333333328124999 0.6984375 0.6510416671875 0.684375 0.665625 0.6609375 0.6666666671875 0.6390625 0.6583333328125 0.6265625 0.6479166671875001 0.62265625 0.615625 0.6203125 0.59375 0.62421875 0.5604166671875 0.6375 0.5322916671875 0.66953125 0.5322916671875 0.6953125 0.5489583328125 0.7125 0.5791666671875 0.715625 0.5989583328125 0.7125
0 0.8833333328125 0.93203125 0.9177083328125001 0.93046875 0.946875 0.92578125 0.9729166671874999 0.91015625 0.9697916671875 0.88515625 0.9510416671874999 0.8671875 0.9083333328125001 0.84921875 0.8770833328125001 0.8484375 0.8697916671874999 0.84140625 0.8177083328125001 0.8453125 0.7739583328124999 0.8703125 0.771875 0.88046875 0.7833333328125 0.896875 0.8260416671874999 0.9234375 0.8833333328125 0.93203125
0 0 0.39921875 0.0333333328125 0.41171875 0.071875 0.41796875 0.1010416671875 0.415625 0.12291666718750001 0.40390625 0.13125 0.39140625 0.1302083328125 0.375 0.10729166718750001 0.35390625 0.08645833281250001 0.34375 0.05208333281250001 0.33359375 0.00625 0.33046875 0 0.33125 0 0.39921875