1 0.5628571421874999 0.18279569843750001 0.578571428125 0.1290322578125 0.581428571875 0.08817204375 0.5471428578124999 0.058064515625 0.521428571875 0.10107526874999999 0.5228571421875 0.1677419359375 0.54 0.2 0.5628571421874999 0.2236559140625 0.5628571421874999 0.18279569843750001
1 0.7071828578125 0 0.7132871421875 0.023627956250000002 0.7350871421875 0.027565590625000004 0.7560142859375001 0.01837634375 0.762118571875 0 0.7071828578125 0
1 0.6757142859374999 0.09462365625 0.668571428125 0.09247311875 0.63568 0.1338924734375 0.641428571875 0.1892473125 0.6528571421875 0.195698925 0.6785714281249999 0.146236559375 0.6757142859374999 0.09462365625
1 0.758571428125 0.2666666671875 0.751428571875 0.255913978125 0.7328571421875 0.253763440625 0.718571428125 0.2731182796875 0.7171428578125 0.30322580625 0.7350871421875 0.3189784953125 0.7595028578125 0.3163548390625 0.758571428125 0.2666666671875
1 0.828571428125 0.2752688171875 0.8171428578125 0.255913978125 0.7942857140624999 0.251612903125 0.7828571421875 0.262365590625 0.7842857140625 0.2774193546875 0.77 0.28817204375 0.7671428578125 0.31612903281250004 0.7757142859374999 0.3247311828125 0.8142857140625 0.29677419375 0.828571428125 0.2752688171875
1 0.9642857140625001 0.255913978125 0.9614285718750001 0.2365591390625 0.951428571875 0.2258064515625 0.933028571875 0.2349677421875 0.9442857140625 0.20215053749999998 0.968571428125 0.18279569843750001 0.95 0.18279569843750001 0.9057142859375 0.204301075 0.89 0.243010753125 0.8914285718749999 0.2731182796875 0.911428571875 0.29892473124999996 0.9257142859374999 0.29892473124999996 0.9642857140625001 0.255913978125
1 0.5271428578124999 0.3763440859375 0.548571428125 0.38709677343750004 0.5720257140625 0.3399827953125 0.5816171421874999 0.38067526875 0.608571428125 0.37204301093750003 0.6442857140625 0.3827956984375 0.6900000000000001 0.3634408609375 0.6971428578125 0.3333333328125 0.6914285718750001 0.30967741875 0.701428571875 0.29462365625000003 0.6942857140625 0.2774193546875 0.651428571875 0.2279569890625 0.6442857140625 0.243010753125 0.6271428578125 0.253763440625 0.6042857140625 0.2365591390625 0.5957142859375 0.2 0.5771428578125 0.2150537640625 0.5714285718750001 0.24731182812500002 0.55 0.262365590625 0.531428571875 0.29247311875 0.5342857140625 0.29892473124999996 0.5228571421875 0.3139784953125 0.5327857140625001 0.33866881718749997 0.5271428578124999 0.3763440859375
1 0.48 0.46666666718750005 0.49877857187499997 0.476501075 0.5162171421874999 0.467311828125 0.5471428578124999 0.50752688125 0.565048571875 0.5040666671875 0.569408571875 0.48437634375 0.583361428125 0.49093978437499997 0.587721428125 0.476501075 0.598571428125 0.4688172046875 0.6171428578125 0.48817204375 0.6271428578125 0.4795698921875 0.6228571421875 0.44516129062500004 0.6157142859375 0.4365591390625 0.5938242859375 0.43055698906249995 0.5929528578125 0.41349247343749995 0.621428571875 0.39784946250000003 0.6257142859375 0.38709677343750004 0.6171428578125 0.3763440859375 0.5942857140625 0.37419354843749997 0.581428571875 0.3763440859375 0.5714285718750001 0.3892473125 0.5528571421875 0.38709677343750004 0.528571428125 0.3655913984375 0.5071428578125 0.3634408609375 0.4928571421875 0.37204301093750003 0.4857142859375 0.3935483875 0.49528999999999995 0.43055698906249995 0.49000000000000005 0.44516129062500004 0.481428571875 0.45376344062499996 0.48 0.46666666718750005
1 0.6857142859375001 0.4193548390625 0.6814285718749999 0.40860215 0.6671428578125 0.40860215 0.638571428125 0.4236559140625 0.63 0.4301075265625 0.6328571421875 0.462365590625 0.6728571421875 0.4709677421875 0.6857142859375001 0.4193548390625
1 0.42714285781249994 0.41075268749999994 0.41 0.40430107499999995 0.40142857187500003 0.41720430156250005 0.39714285781249997 0.44946236562499997 0.42000000000000004 0.45376344062499996 0.428571428125 0.4301075265625 0.42714285781249994 0.41075268749999994
1 0.3171428578125 0.640860215625 0.34571428593750003 0.638709678125 0.3657142859375 0.6129032265625 0.368571428125 0.5677419359375 0.358571428125 0.559139784375 0.361428571875 0.5333333328125 0.34571428593750003 0.49677419375 0.328571428125 0.49892473125 0.29 0.539784946875 0.29 0.5849462359375 0.31 0.6 0.308571428125 0.6236559140625 0.3171428578125 0.640860215625
1 0.42571428593749994 0.69892473125 0.46571428593749997 0.6838709671875 0.501428571875 0.6279569890625 0.4942857140625 0.6 0.4542857140625 0.5655913984375001 0.4528571421875 0.544086021875 0.44142857187500006 0.5311827953125 0.40714285781250004 0.5204301078125 0.3742857140625 0.5290322578125 0.371428571875 0.5376344093750001 0.3728571421875 0.6021505375 0.3957142859375 0.6193548390625 0.4 0.6537634406249999 0.42571428593749994 0.69892473125
1 0.291428571875 0.8301075265625 0.28428571406250003 0.8150537640625 0.29285714218750003 0.804301075 0.301428571875 0.754838709375 0.2742857140625 0.7182795703125 0.2542857140625 0.70537634375 0.23714285781250002 0.70967741875 0.208571428125 0.754838709375 0.2157142859375 0.7849462359375 0.25 0.843010753125 0.281428571875 0.840860215625 0.291428571875 0.8301075265625
1 0.208571428125 0.8924731187500001 0.2171428578125 0.8774193546875001 0.2157142859375 0.8494623656250001 0.2057142859375 0.8344086015625001 0.1771428578125 0.8236559140624999 0.1528571421875 0.8494623656250001 0.1271428578125 0.89677419375 0.128571428125 0.9397849468749999 0.13571428593749998 0.9505376343749999 0.1457142859375 0.9505376343749999 0.208571428125 0.8924731187500001
1 0.0357142859375 0.761290321875 0.04 0.7161290328125001 0.018571428125 0.6967741937499999 0.0028571421875 0.6967741937499999 0 0.8129032265625 0.008571428124999999 0.8107526875 0.0142857140625 0.7870967734375001 0.0357142859375 0.761290321875
1 0.051428571874999995 0.6731182796875 0.0428571421875 0.651612903125 0.028571428125 0.640860215625 0.028571428125 0.71182795625 0.04 0.7182795703125 0.048571428124999996 0.70752688125 0.051428571874999995 0.6731182796875
1 0.42714285781249994 0.9698924734375 0.4371428578125 0.9634408609375 0.44285714218749994 0.9698924734375 0.4571428578125 0.9548387093749999 0.43 0.9333333328125001 0.42428571406250004 0.9139784953125 0.40857142812499997 0.9139784953125 0.4 0.9247311828125 0.3957142859375 0.9462365593750001 0.39714285781249997 0.9612903218750001 0.4028571421875 0.9655913984375 0.42714285781249994 0.9698924734375
1 0.5657142859375 0.9548387093749999 0.5657142859375 0.8645161296874999 0.54 0.855913978125 0.528571428125 0.8623655906250001 0.5171428578125 0.8860215046875 0.5128571421875 0.9053763437500001 0.501428571875 0.9204301078125001 0.5028571421875 0.9333333328125001 0.5657142859375 0.9548387093749999
1 0.7471428578125 0.42580645156249997 0.7628571421875 0.443010753125 0.7871428578125 0.4150537640625 0.771428571875 0.3827956984375 0.74 0.3698924734375 0.6928571421874999 0.395698925 0.6900000000000001 0.4 0.7042857140625001 0.4236559140625 0.72 0.4301075265625 0.7471428578125 0.42580645156249997
1 0.718571428125 0.6150537640625 0.6971428578125 0.6258064515624999 0.7 0.645161290625 0.7342857140625 0.645161290625 0.7342857140625 0.6322580640625 0.718571428125 0.6150537640625