1 0.925 0.803125 0.934375 0.803125 0.9552083328125001 0.80859375 0.9697916671875 0.81796875 0.99375 0.8265625 0.9989583328125 0.82578125 0.9989583328125 0.7578125 0.98125 0.7515625 0.9625 0.7328125 0.95 0.73125 0.90625 0.746875 0.89375 0.7765625 0.8875 0.78125 0.8770833328125001 0.7828125 0.878125 0.7984375 0.896875 0.81171875 0.9125 0.81484375 0.925 0.803125
1 0.653125 0.93125 0.6552083328125 0.92578125 0.68125 0.93046875 0.6875 0.9234375 0.6833333328125 0.91796875 0.675 0.915625 0.6677083328125 0.90546875 0.6635416671875001 0.8890625 0.6625 0.8828125 0.6697916671875 0.87265625 0.6645833328124999 0.853125 0.6510416671875 0.846875 0.634375 0.84921875 0.61875 0.8625 0.6177083328124999 0.878125 0.625 0.88828125 0.634375 0.92109375 0.653125 0.93125
1 0.19583333281249998 0.65390625 0.1895833328125 0.6421875 0.1739583328125 0.6328125 0.1375 0.65 0.14375 0.67421875 0.1572916671875 0.68046875 0.1697916671875 0.67578125 0.19583333281249998 0.65390625
1 0.1270833328125 0.78984375 0.1427083328125 0.75703125 0.134375 0.75703125 0.1302083328125 0.75390625 0.1135416671875 0.75703125 0.09375 0.76953125 0.09375 0.778125 0.11041666718750001 0.79296875 0.1166666671875 0.7890625 0.1270833328125 0.78984375
1 0.1929791671875 0.7334296874999999 0.1821375 0.72963515625 0.165625 0.7359375 0.165625 0.74609375 0.1854166671875 0.75078125 0.19583333281249998 0.740625 0.1929791671875 0.7334296874999999
1 0.271875 0.71015625 0.2916666671875 0.7046875 0.2989583328125 0.69375 0.3020833328125 0.6703125 0.3135416671875 0.6484375 0.3135416671875 0.63359375 0.3072916671875 0.625 0.296875 0.6234375 0.278125 0.63125 0.2520833328125 0.6796875 0.2114583328125 0.7 0.20416666718749998 0.7203125 0.25729166718749996 0.725 0.2625 0.7234375 0.271875 0.71015625
1 0.5479166671875 0.70625 0.5729166671875 0.70546875 0.5875 0.6953125 0.5875 0.6830078125 0.6010416671875001 0.6578125 0.5958333328125 0.6546875 0.59375 0.64375 0.5895833328125 0.63828125 0.5791666671875 0.6359375 0.5791666671875 0.628125 0.575 0.625 0.5677083328125 0.63046875 0.534375 0.63125 0.5229166671875001 0.63984375 0.521875 0.6578125 0.5270833328125 0.6671875 0.5302083328125 0.69453125 0.5479166671875 0.70625
1 0.6291666671875 0.73828125 0.6280552078125 0.727178125 0.6197916671875 0.7140625 0.6072916671875 0.7046875 0.5989583328125 0.7046875 0.5958333328125 0.7078125 0.596875 0.7296875 0.6125 0.76875 0.6166666671875001 0.76640625 0.6291666671875 0.73828125
1 0.628125 0.84375 0.6416666671875 0.8421875 0.6479166671875001 0.825 0.640625 0.815625 0.6385416671875 0.8 0.634375 0.7953125 0.6260416671875 0.79375 0.6104166671875 0.79453125 0.6166666671875001 0.8078125 0.6145833328125 0.83359375 0.628125 0.84375
1 0.3239583328125 0.3890625 0.3416666671875 0.3875 0.359375 0.36875 0.3604166671875 0.353125 0.353125 0.34765625 0.35 0.3359375 0.3416666671875 0.32578125 0.31979166718749996 0.328125 0.30625 0.325 0.2989583328125 0.3296875 0.278125 0.35234375 0.2833333328125 0.3765625 0.29375 0.38203125 0.3239583328125 0.3890625
1 0.225 0.40234375 0.2322916671875 0.40546875 0.23333333281250002 0.4109375 0.25729166718749996 0.4078125 0.2645833328125 0.40078125 0.2697916671875 0.3875 0.2677083328125 0.36484375 0.2625 0.36328125 0.246875 0.3703125 0.2270833328125 0.36328125 0.2166666671875 0.37265625 0.2114583328125 0.38515625 0.21458333281250003 0.4015625 0.21979166718749998 0.40546875 0.225 0.40234375
1 0.559375 0.36171875 0.5760416671875 0.3453125 0.578125 0.33359375 0.521875 0.3328125 0.5020833328125 0.3453125 0.496875 0.35390625 0.5083333328124999 0.3765625 0.5270833328125 0.37734375 0.559375 0.36171875
1 0.4760416671875 0.43671875 0.5010416671875 0.42890625 0.5041666671875 0.4140625 0.49895833281249996 0.40078125 0.48541666718750004 0.38984375 0.46979166718750004 0.38671875 0.4583333328125 0.39296875 0.45208333281249996 0.40234375 0.453125 0.42734375 0.4583333328125 0.4328125 0.46666666718750005 0.43671875 0.4760416671875 0.43671875
1 0.375 0.496875 0.3916666671875 0.4984375 0.40416666718750005 0.49609375 0.41979166718750005 0.503125 0.425 0.50078125 0.4302083328125 0.509375 0.43645833281249996 0.503125 0.4375 0.465625 0.4 0.4484375 0.3927083328125 0.440625 0.3760416671875 0.43984375 0.3552083328125 0.44375 0.34375 0.45234375 0.3385416671875 0.46171875 0.340625 0.47421875 0.33645833281250004 0.484375 0.3447916671875 0.50234375 0.375 0.496875
1 0.23020833281250003 0.59765625 0.23958333281250002 0.60234375 0.2386385421875 0.6144695312499999 0.2511979171875 0.61736796875 0.2850135421875 0.62678828125 0.3082010421875 0.61591875 0.32269375 0.610846875 0.3177083328125 0.5953125 0.3229166671875 0.590625 0.35625 0.5796875 0.3614583328125 0.56875 0.3770833328125 0.56171875 0.40416666718750005 0.5703125 0.40729166718750004 0.57421875 0.421875 0.57109375 0.43645833281249996 0.5734375 0.4625 0.571875 0.48125 0.58046875 0.4927083328125 0.58203125 0.5260416671875 0.57578125 0.534375 0.57109375 0.5354166671875 0.5640625 0.5333333328125 0.55078125 0.51875 0.52734375 0.5020833328125 0.5265625 0.4916666671875 0.51953125 0.46666666718750005 0.5171875 0.43541666718750005 0.52265625 0.4270833328125 0.51953125 0.421240625 0.5144734375 0.4135114578125 0.49998125 0.3912895828125 0.49853203125 0.36520416718750004 0.50070625 0.3497458328125 0.5036046875 0.3429822921875 0.5094015625 0.32365937499999997 0.5036046875 0.309375 0.515625 0.2927083328125 0.5171875 0.2802083328125 0.5265625 0.2510416671875 0.52890625 0.21979166718749998 0.5375 0.20416666718749998 0.55078125 0.2 0.56328125 0.18125 0.5703125 0.171875 0.578125 0.171875 0.5875 0.18125 0.59921875 0.2166666671875 0.60234375 0.23020833281250003 0.59765625
1 0.5213062500000001 0.52559765625 0.529890625 0.540815625 0.5392552078125 0.55135078125 0.5376937500000001 0.5759335937500001 0.511940625 0.58178671875 0.48384687499999995 0.584128125 0.47526250000000003 0.58763984375 0.4799447921875 0.5970046875 0.48618750000000005 0.60636875 0.5177083328125 0.61875 0.55 0.6203125 0.55625 0.62734375 0.5798354171875 0.6192453125 0.5860791671875 0.6350484375 0.60636875 0.6338781250000001 0.621196875 0.6239281250000001 0.6118322921875 0.6145632812499999 0.6333333328124999 0.565625 0.6489583328124999 0.5546875 0.6614583328125 0.5515625 0.6729166671875 0.54375 0.684375 0.54375 0.6927083328125 0.53671875 0.6927083328125 0.52421875 0.7083333328125 0.49296875 0.709375 0.48203125 0.6989583328125 0.47265625 0.6916666671875 0.43515625 0.675 0.4359375 0.6697916671875 0.4265625 0.6270833328125 0.41953125 0.6052083328125 0.42109375 0.5875 0.41875 0.5802083328125 0.42109375 0.5697916671875001 0.43828125 0.5604166671875 0.4453125 0.5135416671875 0.45078125 0.5010416671875 0.4578125 0.496875 0.46640625 0.4895833328125 0.47109375 0.4895833328125 0.47890625 0.49895833281249996 0.49453125 0.477603125 0.5039421875000001 0.46667812499999994 0.51447734375 0.48020833281249997 0.5171875 0.4895833328125 0.5171875 0.49791666718750005 0.52421875 0.5213062500000001 0.52559765625
1 0.7395833328125 0.56484375 0.7375 0.55390625 0.7458333328125 0.540625 0.7385416671875 0.525 0.7302083328125 0.52109375 0.7177083328125 0.521875 0.6989583328125 0.52890625 0.6989583328125 0.55703125 0.703125 0.56484375 0.7125 0.56875 0.7395833328125 0.56484375
1 0.5875 0.34140625 0.6125 0.3421875 0.6239583328125 0.35234375 0.6260416671875 0.35703125 0.6197052078125 0.367846875 0.642075 0.3616328125 0.6834989578124999 0.35728359374999996 0.7058677078125 0.35728359374999996 0.718125 0.35625 0.734375 0.3546875 0.7260416671875001 0.3328125 0.7010416671875 0.31796875 0.696875 0.31875 0.6833333328125 0.31171875 0.6739583328125 0.2984375 0.6666666671875 0.2953125 0.6510416671875 0.3 0.6229166671875 0.3 0.6072916671875 0.303125 0.5947916671875 0.31015625 0.603125 0.31328125 0.6041666671875 0.31953125 0.5875 0.33359375 0.5875 0.34140625