0 0.11625166718749999 0.5500363640625 0.125 0.53181818125 0.1316666671875 0.48863636406250005 0.1166666671875 0.46363636406250003 0.095 0.46818181875000003 0.0816666671875 0.49318181875 0.08 0.5204545453125 0.09 0.5477272734375 0.1021616671875 0.5524386359375 0.11625166718749999 0.5500363640625
0 0.1816666671875 0.465909090625 0.1783333328125 0.43863636406250006 0.16 0.41818181875000004 0.1383333328125 0.41818181875000004 0.1233333328125 0.44090909062500006 0.1266666671875 0.4704545453125 0.1533333328125 0.48863636406250005 0.17333333281250002 0.484090909375 0.1816666671875 0.465909090625
0 0.31625833281250004 0.5034636359375 0.3383333328125 0.4704545453125 0.33999999999999997 0.4522727265625 0.33166666718750004 0.43181818125 0.3133333328125 0.4272727265625 0.3016666671875 0.43409090937499994 0.2866666671875 0.46136363593749996 0.28500000000000003 0.4863636359375 0.2905 0.51029318125 0.2983333328125 0.51818181875 0.31625833281250004 0.5034636359375
0 0.4016666671875 0.4954545453125 0.4016666671875 0.4704545453125 0.3883333328125 0.4477272734375 0.36833333281249997 0.44318181875 0.35 0.45454545468749996 0.3483333328125 0.48863636406250005 0.3633333328125 0.5045454546875 0.3866666671875 0.509090909375 0.4016666671875 0.4954545453125
0 0.425 0.75681818125 0.4233333328125 0.6704545453125 0.40499999999999997 0.6772727265625 0.3916666671875 0.70681818125 0.39 0.7295454546875 0.3983333328125 0.7522727265625 0.41 0.7636363640625 0.425 0.75681818125
0 0.6866666671874999 0.6295454546875 0.6866666671874999 0.5909090906250001 0.665 0.5636363640625001 0.65 0.5636363640625001 0.64 0.575 0.6416666671875 0.6295454546875 0.6583333328125 0.6522727265625 0.6766666671875 0.6522727265625 0.6866666671874999 0.6295454546875
0 0.6366666671875 0.565909090625 0.6366666671875 0.5477272734375 0.625 0.5295454546875 0.6016666671875 0.5295454546875 0.5783333328125 0.5568181812499999 0.5766666671875 0.5886363640625001 0.5883333328125 0.6045454546875 0.6183333328125 0.5954545453125 0.6366666671875 0.565909090625
0 0.74 0.35227272656249997 0.7383333328125 0.3272727265625 0.7233333328125 0.3113636359375 0.6950000000000001 0.3113636359375 0.6733333328125 0.334090909375 0.6716666671875 0.35681818125000003 0.6916666671875 0.3727272734375 0.7233333328125 0.3727272734375 0.74 0.35227272656249997
0 0.0616666671875 0.65681818125 0.0666666671875 0.6613636359374999 0.0716666671875 0.6613636359374999 0.0733333328125 0.6636363640625 0.0883333328125 0.6636363640625 0.09 0.6613636359374999 0.1 0.6590909093749999 0.11000000000000001 0.6522727265625 0.11499999999999999 0.640909090625 0.11499999999999999 0.61818181875 0.1066666671875 0.60681818125 0.095 0.6 0.075 0.6 0.06999999999999999 0.6022727265625 0.0633333328125 0.60681818125 0.058333332812500006 0.6136363640625 0.05500000000000001 0.6227272734375 0.05500000000000001 0.6295454546875 0.0533333328125 0.634090909375 0.058333332812500006 0.65 0.0616666671875 0.65681818125
0 0.7616666671875 0.44090909062500006 0.775 0.46136363593749996 0.7816666671875 0.46136363593749996 0.7916666671875 0.45 0.7966666671875 0.44090909062500006 0.7983333328125 0.43409090937499994 0.7983333328125 0.4227272734375 0.7966666671875 0.42045454531250004 0.7966666671875 0.40681818124999997 0.8 0.3954545453125 0.7983333328125 0.3795454546875 0.795 0.3727272734375 0.79 0.36818181875 0.7849999999999999 0.365909090625 0.775 0.365909090625 0.7666666671875 0.3772727265625 0.7583333328124999 0.4 0.7566666671875 0.41136363593749997 0.7583333328124999 0.41363636406250004 0.7583333328124999 0.4295454546875 0.7616666671875 0.44090909062500006
0 0.8150000000000001 0.45909090937499997 0.82 0.46136363593749996 0.8283333328125 0.46136363593749996 0.8300000000000001 0.46363636406250003 0.8333333328125001 0.46363636406250003 0.8400000000000001 0.45909090937499997 0.8416666671874999 0.45681818124999996 0.845 0.43409090937499994 0.845 0.40681818124999997 0.8433333328125 0.4045454546875 0.8433333328125 0.39772727343750003 0.8383333328125 0.3886363640625 0.8283333328125 0.3772727265625 0.8216666671875 0.3727272734375 0.8166666671874999 0.3727272734375 0.8083333328125001 0.3772727265625 0.8016666671875001 0.3886363640625 0.8 0.3954545453125 0.7966666671875 0.41590909062500003 0.8016666671875001 0.43636363593749994 0.8099999999999999 0.45454545468749996 0.8150000000000001 0.45909090937499997