2 0.05818181875 0.6502732234375 0.054545454687499995 0.6120218578125 0.0145454546875 0.6120218578125 0.0072727265625 0.6393442625 0.018181818750000002 0.6557377046874999 0.0436363640625 0.6666666671875 0.05818181875 0.6502732234375
2 0.25142909062499996 0.433251365625 0.21870181875 0.4223224046875 0.1968836359375 0.44964480937499995 0.20051999999999998 0.48789617500000004 0.2332472734375 0.49336065625 0.25142909062499996 0.4715027328125 0.25142909062499996 0.433251365625
2 0.25818181875 0.5683060109375 0.2363636359375 0.5628415296875 0.2254545453125 0.590163934375 0.2363636359375 0.6174863390625001 0.27272727343750003 0.601092896875 0.25818181875 0.5683060109375
2 0.3272727265625 0.491803278125 0.3333563640625 0.461147540625 0.3236363640625 0.43715847031250005 0.30531636406249996 0.42135519062500004 0.28363636406250003 0.44808743125 0.27572 0.472852459375 0.28363636406250003 0.497267759375 0.3084327265625 0.5079672125 0.3272727265625 0.491803278125
2 0.35672000000000004 0.5969180328125 0.34181818124999996 0.5573770484375 0.3193345453125 0.5477595625 0.30181818125 0.5683060109375 0.29818181875 0.590163934375 0.3084327265625 0.6133060109375 0.33024 0.6273497265625 0.35672000000000004 0.5969180328125
2 0.5709090906250001 0.4808743171875 0.5854545453125 0.44808743125 0.5545527265625 0.430715846875 0.5452072734375 0.4119890703125 0.53586181875 0.400284153125 0.5163636359375 0.40983606562499997 0.509090909375 0.4316939890625 0.5265127265625 0.472852459375 0.549090909375 0.48633879843749994 0.5709090906250001 0.4808743171875
2 0.46181818124999996 0.551131146875 0.44084 0.5454207656250001 0.42181818125000003 0.5620601093750001 0.41818181875000004 0.600311475 0.4439527265625 0.6109617484375 0.4654545453125 0.600311475 0.46181818124999996 0.551131146875
2 0.5561127265625 0.5688306015625 0.53818181875 0.5464480875 0.509090909375 0.5519125687499999 0.50181818125 0.595628415625 0.5296290906250001 0.6133060109375 0.5483236359375 0.6086229515625 0.5561127265625 0.5688306015625
2 0.9330836359375001 0.51967213125 0.949090909375 0.5136612015625001 0.9642363640625 0.48689617500000004 0.96 0.45355191250000004 0.9455454546875 0.4494426234375 0.9127272734374999 0.40437158437500004 0.890909090625 0.40983606562499997 0.8763636359375001 0.43715847031250005 0.9034872734375 0.46816939843750005 0.9127272734374999 0.497267759375 0.9330836359375001 0.51967213125
2 0.85818181875 0.595628415625 0.8545454546875 0.5628415296875 0.8363636359375001 0.5519125687499999 0.8109090906249999 0.5683060109375 0.8 0.595628415625 0.8162545453125001 0.6367158468749999 0.85208 0.6273497265625 0.85818181875 0.595628415625
2 0.9735854546875 0.6484153 0.97669818125 0.6226666671875 0.9781818187500001 0.5862622953125001 0.9527272734375 0.569868853125 0.9236363640624999 0.5862622953125001 0.9175054546875 0.62032786875 0.930909090625 0.651836065625 0.954890909375 0.66012021875 0.9735854546875 0.6484153