2 0.046620046875 0.4453781515625 0.032634032812500005 0.4257703078125 0.017482517187499998 0.428571428125 0.0081585078125 0.44817927187500006 0 0.49579831875 0.022144521875 0.49579831875 0.0489510484375 0.46498599374999994 0.046620046875 0.4453781515625
2 0 0.6414565828125001 0.00582750625 0.6470588234375 0.029137529687500004 0.6386554624999999 0.040792540625 0.582633053125 0.00582750625 0.5798319328125 0 0.582633053125 0 0.6414565828125001
2 0.0979020984375 0.5854341734374999 0.0979020984375 0.563025209375 0.0792540796875 0.540616246875 0.06526806562500001 0.5462184875 0.053613053125 0.5742296921875 0.0571095578125 0.6022408968749999 0.071095571875 0.6246498593750001 0.0874125875 0.61904761875 0.0979020984375 0.5854341734374999
2 0.109557109375 0.459383753125 0.1072261078125 0.43417366875 0.090909090625 0.406162465625 0.06993007031250001 0.40336134531249995 0.05594405625 0.43137254843750006 0.0547785546875 0.45658263281250006 0.08508158437499999 0.4845938375 0.0979020984375 0.48179271718749994 0.109557109375 0.459383753125
2 0.1550116546875 0.4537815125 0.174825175 0.459383753125 0.1876456875 0.43137254843750006 0.1864801859375 0.39775910312499996 0.171328671875 0.37254902031250003 0.153846153125 0.375350140625 0.146853146875 0.3921568625 0.128205128125 0.3837535015625 0.1107226109375 0.4145658265625 0.10839160781249998 0.436974790625 0.11305361249999998 0.459383753125 0.1270396265625 0.47338935624999995 0.1550116546875 0.4537815125
2 0.1736596734375 0.6106442578125 0.19114219062499999 0.5742296921875 0.202797203125 0.5854341734374999 0.2179487171875 0.5798319328125 0.23076923124999998 0.5378151265625 0.2272727265625 0.5182072828125001 0.1923076921875 0.5238095234375 0.1771561765625 0.5070028015625 0.159673659375 0.5126050421875 0.13869463906249999 0.5490196078125 0.1107226109375 0.56582633125 0.1293706296875 0.6050420171875001 0.1736596734375 0.6106442578125
2 0.20485314687499998 0.49824369687500003 0.21714452187500002 0.5199047625000001 0.226976690625 0.5120280109374999 0.2354312359375 0.4845938375 0.24009324062499998 0.4761904765625 0.25524475468749996 0.4873949578125 0.275058275 0.467787115625 0.28088578124999997 0.40336134531249995 0.2890442890625 0.3837535015625 0.284382284375 0.34453781562499997 0.275058275 0.32773109218749996 0.25641025625 0.3305322125 0.234265734375 0.37254902031250003 0.21095571093749999 0.3641456578125 0.2004662 0.375350140625 0.1966585078125 0.389929971875 0.199935896875 0.4312857140625 0.208624709375 0.459383753125 0.20485314687499998 0.49824369687500003
2 0.2668997671875 0.5490196078125 0.284382284375 0.5350140062500001 0.2960372953125 0.50420168125 0.2867132859375 0.48179271718749994 0.26923076875 0.48179271718749994 0.23076923124999998 0.5154061624999999 0.23193473125000003 0.5350140062500001 0.2365967359375 0.540616246875 0.25058275 0.52661064375 0.2668997671875 0.5490196078125
2 0.2983682984375 0.47338935624999995 0.303030303125 0.5070028015625 0.31465384687500003 0.5238459390625 0.3263403265625 0.5126050421875 0.340326340625 0.4929971984375 0.346153846875 0.467787115625 0.362998834375 0.484459384375 0.38102680625 0.47264145625 0.40315035000000005 0.48248739531249996 0.4393939390625 0.44817927187500006 0.4452214453125 0.428571428125 0.45149533750000004 0.3978067234375 0.4580419578125 0.313725490625 0.45454545468749996 0.28571428593750003 0.44405594375 0.2661064421875 0.4428904421875 0.23529411718749998 0.4324009328125 0.20728291250000003 0.4230769234375 0.201680671875 0.40888578124999997 0.21071988749999998 0.40315035000000005 0.2441988796875 0.391678321875 0.2264733890625 0.38184615312500003 0.234352940625 0.3646375296875 0.2461680671875 0.3539860140625 0.31115686249999996 0.3375979015625 0.289492996875 0.316292540625 0.283585434375 0.3097377625 0.3052493 0.2908904421875 0.293431371875 0.280238928125 0.31903361406249997 0.29020979062499996 0.3641456578125 0.3006993 0.3697478984375 0.3123543125 0.43137254843750006 0.2983682984375 0.47338935624999995
2 0.49184149218749995 0.459383753125 0.49300699375 0.436974790625 0.483682984375 0.40336134531249995 0.4871794875 0.2969187671875 0.47202797187499995 0.26890756250000003 0.45723193437500004 0.26782913124999996 0.4510489515625 0.428571428125 0.4627039625 0.4453781515625 0.48135198125 0.436974790625 0.49184149218749995 0.459383753125
2 0.5268065265625 0.39775910312499996 0.5221445218749999 0.43137254843750006 0.5291375296874999 0.417366946875 0.6083916078125 0.4257703078125 0.63053613125 0.4145658265625 0.6363636359375 0.4005602234375 0.6573426578125 0.41176470624999995 0.6631701624999999 0.39775910312499996 0.6585081578125 0.31932773124999997 0.6748251749999999 0.23529411718749998 0.66899766875 0.2184873953125 0.6515151515625 0.2044817921875 0.6235431234375 0.2549019609375 0.6177156171875 0.2549019609375 0.60606060625 0.21008403437499998 0.5885780890625 0.201680671875 0.56876456875 0.23529411718749998 0.5489510484375 0.22408963593750003 0.534965034375 0.2464986 0.5174825171874999 0.24929972031249997 0.49300699375 0.3025210078125 0.49650349687500006 0.35574229687500003 0.50699300625 0.336134453125 0.51864801875 0.3585434171875 0.5268065265625 0.39775910312499996
2 0.7074592078124999 0.4089635859375 0.7121212124999999 0.3529411765625 0.702797203125 0.31092437031250003 0.689976690625 0.305322128125 0.6701631703125 0.336134453125 0.6678321671874999 0.3781512609375 0.6771561765625 0.4257703078125 0.6934731937499999 0.43137254843750006 0.7074592078124999 0.4089635859375
2 0.8640163171875 0.372053221875 0.879120046875 0.313070028125 0.896110721875 0.27979551874999997 0.9005151515625001 0.3070196078125 0.9143601406249999 0.3145826328125 0.927738928125 0.3025210078125 0.9382284375 0.277310925 0.9393939390625 0.2296918765625 0.9265734265625 0.20728291250000003 0.9020979015625 0.22408963593750003 0.890442890625 0.2128851546875 0.8741258734375 0.22128851562500002 0.8473193468750001 0.215686275 0.840326340625 0.22689075625 0.8338100234375 0.24349859999999998 0.8432494171875 0.27072268906249997 0.8298368296874999 0.2997198875 0.828671328125 0.3221288515625 0.8368298375000001 0.3305322125 0.8438228437499999 0.366946778125 0.8640163171875 0.372053221875
2 0.9475524468750001 0.4509803921875 0.9696969703124999 0.406162465625 0.9930069937500001 0.39775910312499996 0.9988344984375 0.338935575 0.9871794875000001 0.294117646875 0.9580419578124999 0.294117646875 0.9452214453125001 0.31092437031250003 0.940559440625 0.3333333328125 0.9219114218750001 0.3473389359375 0.9137529140625 0.366946778125 0.9102564109375001 0.417366946875 0.9242424249999999 0.44817927187500006 0.9382284375 0.45658263281250006 0.9475524468750001 0.4509803921875
2 0.9988344984375 0.2296918765625 0.9916736593750001 0.22064145625 0.9801864796875 0.22408963593750003 0.9734860140625001 0.214397759375 0.96853146875 0.2408963578125 0.96853146875 0.2661064421875 0.975524475 0.2801120453125 0.9988344984375 0.28851540625 0.9988344984375 0.2296918765625