2 0.25531914843750003 0.475 0.2790988734375 0.4533333328125 0.2953692109375 0.41500000000000004 0.281602003125 0.3866666671875 0.2628285359375 0.38 0.23529411718749998 0.40499999999999997 0.2265331671875 0.4216666671875 0.2240300375 0.44333333281250004 0.22778473125 0.45999999999999996 0.23529411718749998 0.47000000000000003 0.25531914843750003 0.475
2 0.5093867328125 0.4483333328125 0.525657071875 0.425 0.5269086359374999 0.40499999999999997 0.5131414265625 0.3866666671875 0.4881101375 0.3883333328125 0.47128535625 0.413375 0.47002878593749997 0.4368066671875 0.4788260328125 0.4585616671875 0.4968710890625 0.4566666671875 0.5093867328125 0.4483333328125
2 0.3566958703125 0.5416666671875 0.377972465625 0.5516666671875 0.3967459328125 0.5466666671875 0.405506884375 0.5349999999999999 0.4092615765625 0.5016666671875 0.401752190625 0.48333333281249996 0.377972465625 0.4716666671875 0.3266583234375 0.48666666718749996 0.31289111406250003 0.5166666671875 0.3191489359375 0.5533333328125 0.33291614531249997 0.5633333328125001 0.344180225 0.5583333328125 0.3566958703125 0.5416666671875
2 0.6195244062499999 0.24 0.618272840625 0.2216666671875 0.6070087609375 0.2133333328125 0.5907384234374999 0.2133333328125 0.5832290359375001 0.2166666671875 0.5732165203124999 0.24 0.5781101375000001 0.272795 0.6019887359375 0.2677733328125 0.612042553125 0.25773166718749996 0.6195244062499999 0.24
2 0.418022528125 0.32 0.41176470624999995 0.2916666671875 0.391739675 0.2966666671875 0.381727159375 0.3083333328125 0.374217771875 0.3283333328125 0.381727159375 0.3483333328125 0.4005006265625 0.3416666671875 0.418022528125 0.32
2 0.2828535671875 0.6816666671875 0.287859825 0.6483333328125 0.2828535671875 0.64 0.26658322968750003 0.6416666671875 0.2565707140625 0.6483333328125 0.2465581984375 0.6666666671875 0.2465581984375 0.6933333328125 0.25531914843750003 0.7016666671875 0.2653316640625 0.7016666671875 0.2828535671875 0.6816666671875
2 0.6245306640625 0.5683333328125 0.6257822281250001 0.5516666671875 0.6207759703125 0.5433333328125001 0.6007509390625 0.5366666671875 0.5969962453125001 0.5216666671875 0.5832290359375001 0.5083333328124999 0.5632040046875 0.5083333328124999 0.5444305375 0.5316666671875 0.5431789734375 0.5599999999999999 0.58823529375 0.5933333328125 0.608260325 0.5900000000000001 0.6245306640625 0.5683333328125
2 0.8798498125 0.7466666671875 0.8748435546875 0.73 0.8585732171875 0.7133333328125 0.8260325406250001 0.7233333328125 0.816020025 0.7466666671875 0.8327434296874999 0.7781533328125 0.8448060078124999 0.7849999999999999 0.869837296875 0.775 0.8798498125 0.7466666671875
2 0.9499374218750001 0.9550000000000001 0.9699624531250001 0.9266666671875001 0.9649561953125 0.8983333328124999 0.9474342921875 0.8833333328125 0.9161451812499999 0.8833333328125 0.9048811015625 0.8916666671875 0.89612015 0.9166666671874999 0.9023779718749999 0.9400000000000001 0.9173967453125 0.9550000000000001 0.9499374218750001 0.9550000000000001
2 0.7772215265625 0.9716666671875 0.80350438125 0.9716666671875 0.81977471875 0.9816666671875 0.8310387984375 0.975 0.8435544437500001 0.95 0.8448060078124999 0.9183333328125001 0.8085106390625001 0.8883333328124999 0.7734668328125001 0.8966666671875 0.7571964953125 0.915 0.74843554375 0.9466666671875 0.7609511890625 0.9816666671875 0.7709637046875 0.9816666671875 0.7772215265625 0.9716666671875
2 0.390488109375 0.8433333328125 0.37171464374999996 0.8316666671874999 0.3512190234375 0.8554266671875 0.3454317890625 0.8916666671875 0.357947434375 0.8983333328124999 0.3854818515625 0.875 0.390488109375 0.8433333328125
2 0.18397997500000002 0.775 0.18022528124999998 0.755 0.1614518140625 0.7433333328125 0.14017521875 0.7666666671875 0.1426783484375 0.7983333328125 0.153942428125 0.805 0.1727158953125 0.7966666671875 0.18397997500000002 0.775
2 0.68836045 0.7633333328125 0.669586984375 0.7583333328124999 0.6570713390625 0.7816666671875 0.6545682109375 0.8066666671875 0.6745932421874999 0.8183333328125 0.6871088859375 0.795 0.68836045 0.7633333328125
2 0.65957446875 0.5316666671875 0.6833541921874999 0.525 0.6958698375 0.4916666671875 0.6921151437499999 0.4766666671875 0.6533166453125 0.46666666718750005 0.642052565625 0.4533333328125 0.6195244062499999 0.4583333328125 0.605757196875 0.4783333328125 0.6032540671875 0.5016666671875 0.6107634546875 0.5166666671875 0.63204005 0.515 0.65957446875 0.5316666671875
2 0.3066332921875 0.2783333328125 0.3066332921875 0.2616666671875 0.2966207765625 0.2483333328125 0.2828535671875 0.25666666718750003 0.274092615625 0.25166666718749997 0.261632040625 0.2752016671875 0.2646858578125 0.292825 0.2790988734375 0.2983333328125 0.2991239046875 0.29 0.3066332921875 0.2783333328125
2 0.1013767203125 0.2116666671875 0.10387985 0.19 0.09762202812500001 0.175 0.0750938671875 0.16833333281250001 0.06758448125 0.1833333328125 0.0684443046875 0.2089066671875 0.0884317890625 0.2266516671875 0.0951188984375 0.2216666671875 0.1013767203125 0.2116666671875
2 0.0713391734375 0.11333333281249999 0.0988735921875 0.0916666671875 0.1051314140625 0.0616666671875 0.0951188984375 0.0416666671875 0.106382978125 0.0066666671875 0.0713391734375 0.0166666671875 0.0625782234375 0.0283333328125 0.06117521875 0.0524283328125 0.053817271874999996 0.0616666671875 0.0350438046875 0.08333333281250001 0.033792240625 0.09 0.0413016265625 0.0983333328125 0.052565707812499994 0.0983333328125 0.0713391734375 0.11333333281249999
2 0.7872340421875 0.5549999999999999 0.778007509375 0.5250716671875 0.754852315625 0.5294749999999999 0.7409261578125 0.5483333328125 0.7384230281249999 0.5716666671875 0.7546933671875 0.585 0.7747183984375 0.5816666671874999 0.7872340421875 0.5549999999999999