2 0.8217636015625001 0.42120075 0.8267667296875001 0.413696059375 0.833646028125 0.4155722328125 0.8449030640625 0.40900562812499996 0.8586616640625 0.3855534703125 0.8611632265625 0.37242026250000004 0.8611632265625 0.34052532812499997 0.8530331453125 0.331144465625 0.846153846875 0.33864915624999997 0.841776109375 0.3367729828125 0.8342714203125 0.3414634140625 0.8173858656249999 0.33771106875 0.8067542218750001 0.3433395875 0.7898686671874999 0.364915571875 0.7892432765625 0.399624765625 0.81163039375 0.396860225 0.8142589125 0.414634146875 0.8217636015625001 0.42120075
2 0.697936209375 0.497185740625 0.7098186359375 0.454033771875 0.6935584734375 0.4418386484375 0.66479049375 0.4427767359375 0.6535334578125 0.45872420312499995 0.6491557218749999 0.47654784218749996 0.6497811125 0.4887429640625 0.664165103125 0.48780487812500006 0.6891807375 0.5084427765624999 0.697936209375 0.497185740625
2 0.7404627890625 0.501876171875 0.7498436515625 0.497185740625 0.758599125 0.4746716703125 0.7604752968749999 0.457786115625 0.7573483421875 0.4474671671875 0.7498436515625 0.43621013125 0.7392120078125 0.4324577859375 0.72045028125 0.43902439062500004 0.7060662921875 0.46622889375 0.703564728125 0.4821763609375 0.710444028125 0.49812382812499995 0.7173233265625 0.5037523453125 0.7404627890625 0.501876171875
2 0.80863039375 0.502814259375 0.8180112578125 0.501876171875 0.8292682921875001 0.49530956875000004 0.8492808000000001 0.501876171875 0.8555347093749999 0.5 0.8617886171875 0.492495309375 0.8736710437499999 0.48686679218749995 0.8861788625000001 0.463414634375 0.8855534703125001 0.4512195125 0.878674171875 0.4380863046875 0.8630394000000001 0.43058161406249995 0.8430268921874999 0.4352720453125 0.833646028125 0.4493433390625 0.8211382109375001 0.4418386484375 0.8017510937500001 0.4474671671875 0.79111945 0.43714821718749997 0.7798624140625 0.433395871875 0.76923076875 0.43621013125 0.7629768609375 0.44652908125 0.7636022515625001 0.4699812375 0.79111945 0.4821763609375 0.7979987484375 0.497185740625 0.80863039375 0.502814259375
2 0.9168230140625001 0.42776735468749993 0.9312070046875001 0.399624765625 0.9280800499999999 0.389305815625 0.9224515328124999 0.3827392125 0.9161976234375 0.37898686718749997 0.9030644156250001 0.37898686718749997 0.8905565984375 0.390243903125 0.8861788625000001 0.40056285156250004 0.8886804250000001 0.43151970000000006 0.8936835515625001 0.43714821718749997 0.9055659781250001 0.43902439062500004 0.9168230140625001 0.42776735468749993
2 0.672920575 0.55440900625 0.6810506562499999 0.5478424015625001 0.6891807375 0.5525328328125 0.6916823015625 0.51500938125 0.681676046875 0.4990619140625 0.6660412765625 0.48780487812500006 0.65415885 0.4859287046875 0.64727955 0.4915572234375 0.641025640625 0.5037523453125 0.63914946875 0.521575984375 0.6466541593749999 0.5403377109374999 0.6666666671875 0.55440900625 0.672920575 0.55440900625
2 0.4903064421875 0.33771106875 0.49405878750000004 0.3339587234375 0.49781113125000004 0.3180112578125 0.4928080046875 0.2926829265625 0.4834271421875 0.27954971875 0.472795496875 0.2786116328125 0.46716697968750004 0.306754221875 0.4690431515625 0.325515946875 0.47404627968749996 0.33771106875 0.4903064421875 0.33771106875
2 0.4665415890625 0.306754221875 0.4734208875 0.28611632343750004 0.4690431515625 0.2636022515625 0.4590368984375 0.255159475 0.45590994374999994 0.25609756093749997 0.44903064375 0.27392120000000003 0.44903064375 0.287054409375 0.45278298906250003 0.29924953125 0.45841150781250006 0.3048780484375 0.4665415890625 0.306754221875
2 0.49656035000000004 0.40900562812499996 0.5065666046875 0.389305815625 0.504065040625 0.3564727953125 0.49656035000000004 0.34240150156250004 0.4915572234375 0.33864915624999997 0.47404627968749996 0.33771106875 0.456535334375 0.35741088125 0.45465916249999994 0.36772983125 0.45465916249999994 0.39587242031250003 0.4665415890625 0.414634146875 0.4871794875 0.413696059375 0.49656035000000004 0.40900562812499996
2 0.4296435265625 0.46716697968750004 0.4440275171875 0.4690431515625 0.46091307031250006 0.45872420312499995 0.46404002499999997 0.454033771875 0.46966854218750004 0.42026266406249996 0.46966854218750004 0.4118198875 0.46091307031250006 0.392120075 0.44840525312499996 0.375234521875 0.4427767359375 0.3733583484375 0.43151970000000006 0.37804878125 0.42151344531249996 0.393996246875 0.4127579734375 0.43621013125 0.41901188281249996 0.44559099375000005 0.42213883750000003 0.46247654843749997 0.4296435265625 0.46716697968750004
2 0.399624765625 0.5112570359374999 0.415884928125 0.53377110625 0.454033771875 0.5187617265625 0.4521575984375 0.472795496875 0.4477798625 0.4690431515625 0.4283927453125 0.46622889375 0.42213883750000003 0.4512195125 0.41213258281250004 0.4399624765625 0.4040025015625 0.44559099375000005 0.4027517203125 0.4512195125 0.3827392125 0.45872420312499995 0.3758599125 0.46716697968750004 0.3702313953125 0.48123827343750003 0.3702313953125 0.497185740625 0.38398999375 0.49812382812499995 0.39462163906250003 0.5112570359374999 0.399624765625 0.5112570359374999
2 0.3108192625 0.546904315625 0.3408380234375 0.542213884375 0.3483427140625 0.531894934375 0.3558474046875 0.5131332078125 0.3558474046875 0.5 0.35209505937499996 0.48686679218749995 0.3389618515625 0.470919325 0.3145716078125 0.4746716703125 0.30143839843750003 0.49812382812499995 0.2983114453125 0.5112570359374999 0.30268918125 0.5262664171875 0.30268918125 0.5375234515625 0.3108192625 0.546904315625
2 0.6347717328125 0.5919324578125 0.6429018140625 0.5825515953125 0.6479049406249999 0.5675422140624999 0.6479049406249999 0.5553470921875 0.641025640625 0.5375234515625 0.631644778125 0.531894934375 0.614133834375 0.5365853656249999 0.6047529703125 0.546904315625 0.599124453125 0.5590994375 0.5972482796875 0.5759849906250001 0.607879925 0.6022514078125 0.6266416515625 0.5984990625 0.6347717328125 0.5919324578125
2 0.4434021265625 0.653846153125 0.455284553125 0.653846153125 0.470919325 0.644465290625 0.48655409687500006 0.6238273921874999 0.49093183281249997 0.61257035625 0.4915572234375 0.5900562859375 0.4834271421875 0.5450281421875001 0.470293934375 0.5281425890625 0.45590994374999994 0.521575984375 0.44715447187499996 0.521575984375 0.4115071921875 0.5393996249999999 0.40087554687500004 0.5694183859375 0.40025015625 0.5919324578125 0.41338336406250004 0.6294559093750001 0.42338961875000003 0.64165103125 0.4434021265625 0.653846153125
2 0.5303314578125 0.586303940625 0.5409631015625 0.6022514078125 0.5484677921875 0.607879925 0.5672295187499999 0.60318949375 0.5791119453125 0.590994371875 0.5803627265625 0.5759849906250001 0.585365853125 0.5647279546874999 0.582864290625 0.5487804875 0.5490931828125001 0.5112570359374999 0.5159474671875001 0.5037523453125 0.5003126953125 0.5112570359374999 0.49093183281249997 0.5253283296875 0.49093183281249997 0.56378986875 0.49343339531249997 0.5825515953125 0.5015634765625 0.590994371875 0.5303314578125 0.586303940625
2 0.6916823015625 0.5956848031249999 0.7010631640625 0.60318949375 0.71106941875 0.605065665625 0.7323327078124999 0.5947467171875 0.7285803625 0.58348968125 0.7085678546875 0.5628517828125 0.6679174484375 0.5675422140624999 0.64853033125 0.5816135078125 0.64853033125 0.5872420265625 0.65415885 0.5947467171875 0.6685428390625 0.5994371484375 0.6916823015625 0.5956848031249999
2 0.7435897437500001 0.5947467171875 0.7554721703125 0.5928705437499999 0.777986240625 0.5778611625 0.7942464046875 0.5797373359375 0.799874921875 0.5722326453125001 0.783614759375 0.5506566609375 0.7723577234375 0.5440900562500001 0.7479674796875 0.5478424015625001 0.7285803625 0.56378986875 0.7260788 0.5675422140624999 0.727954971875 0.5825515953125 0.7317073171875 0.5881801125 0.7435897437500001 0.5947467171875
2 0.312695434375 0.630393996875 0.327704815625 0.6313320828125 0.337085678125 0.6275797375 0.35397123124999996 0.639774859375 0.3646028765625 0.6407129453125 0.3721075671875 0.6378986859375 0.37961225781249996 0.6266416515625 0.382113821875 0.606003753125 0.37898686718749997 0.5919324578125 0.3733583484375 0.58348968125 0.35397123124999996 0.5731707312500001 0.3495934953125 0.55440900625 0.345215759375 0.5487804875 0.32145090625 0.5440900562500001 0.3083176984375 0.5590994375 0.30519074375 0.5872420265625 0.29768605312499996 0.5956848031249999 0.2983114453125 0.6069418390625 0.312695434375 0.630393996875
2 0.391494684375 0.5759849906250001 0.399624765625 0.566604128125 0.40650406562499997 0.5375234515625 0.40462789218750006 0.5300187625 0.39712320156250003 0.5196998125000001 0.3883677296875 0.5159474671875001 0.368355221875 0.5234521578125 0.3633520953125 0.53470919375 0.3646028765625 0.5600375234375 0.3702313953125 0.5703564734375 0.38023764843749996 0.5778611625 0.391494684375 0.5759849906250001
2 0.2363977484375 0.5506566609375 0.23139462187499998 0.556285178125 0.23014384062499998 0.56378986875 0.23327079374999998 0.5928705437499999 0.2363977484375 0.597560975 0.255159475 0.605065665625 0.27204502812500003 0.6003752343750001 0.280175109375 0.590994371875 0.2876798 0.5684802999999999 0.30018761718750003 0.5600375234375 0.30143839843750003 0.5253283296875 0.29643527187499996 0.5084427765624999 0.2983114453125 0.497185740625 0.29580988124999996 0.48780487812500006 0.288305190625 0.470919325 0.2820512828125 0.46529080624999997 0.2576610375 0.46247654843749997 0.24390243906250003 0.454033771875 0.23389618437499998 0.45872420312499995 0.22388993125 0.4699812375 0.2251407125 0.502814259375 0.23202001249999998 0.52439024375 0.2376485296875 0.531894934375 0.2363977484375 0.5506566609375
2 0.1707317078125 0.5572232640625 0.1926203875 0.546904315625 0.2101313328125 0.5440900562500001 0.21888680468750002 0.5365853656249999 0.22076297656250002 0.529080675 0.21638524062500003 0.522514071875 0.21826141406250002 0.49812382812499995 0.21513445937500003 0.47560975625 0.21638524062500003 0.46622889375 0.2063789875 0.4549718578125 0.19136960625 0.4549718578125 0.1857410875 0.45872420312499995 0.17761100624999998 0.47373358281250005 0.1738586609375 0.47373358281250005 0.1726078796875 0.47842401562500003 0.153846153125 0.492495309375 0.144465290625 0.5056285171875 0.1419637265625 0.5140712953125 0.1400875546875 0.5253283296875 0.14258911875 0.5403377109374999 0.150093809375 0.551594746875 0.1707317078125 0.5572232640625
2 0 0.52439024375 0.0125078171875 0.529080675 0.0287679796875 0.5262664171875 0.04065040625 0.5131332078125 0.045653532812499995 0.49061913749999997 0.046278925 0.470919325 0.043777360937499996 0.46622889375 0.0056285171874999994 0.4399624765625 0 0.4399624765625 0 0.52439024375
2 0.04065040625 0.61257035625 0.0531582234375 0.6341463421875 0.0600375234375 0.6388367734375 0.070043778125 0.6388367734375 0.07879925 0.635084428125 0.09756097500000001 0.618198875 0.10631644843750002 0.6238273921874999 0.12257661093750001 0.62195121875 0.1438399 0.60318949375 0.143214509375 0.566604128125 0.1407129453125 0.5553470921875 0.1438399 0.5525328328125 0.1419637265625 0.546904315625 0.144465290625 0.5450281421875001 0.145716071875 0.53377110625 0.143214509375 0.527204503125 0.144465290625 0.5093808625 0.15196998125 0.4962476546875 0.1575984984375 0.497185740625 0.169480925 0.4887429640625 0.1738586609375 0.49061913749999997 0.1732332703125 0.47373358281250005 0.1669793625 0.4643527203125 0.158223890625 0.45872420312499995 0.1413383359375 0.4615384609375 0.12257661093750001 0.44559099375000005 0.113195746875 0.4427767359375 0.1019387109375 0.44652908125 0.095684803125 0.45309568437500003 0.064415259375 0.45872420312499995 0.0525328328125 0.46622889375 0.0500312703125 0.47373358281250005 0.0512820515625 0.48123827343750003 0.044402751562499995 0.4962476546875 0.039399625 0.5206378984375 0.031894934375 0.5365853656249999 0.03126954375 0.55347091875 0.043151970312499996 0.580675421875 0.03814884375 0.5956848031249999 0.04065040625 0.61257035625