2 0.5761904765625 0.365384615625 0.5685714281250001 0.3550295859375 0.56095238125 0.3550295859375 0.5447619046875001 0.3624260359375 0.5371428578125 0.37573964531250004 0.5380952375 0.392011834375 0.5571428578125001 0.39792899375 0.5733333328125 0.384615384375 0.5761904765625 0.365384615625
2 0.651428571875 0.28698224843750003 0.63904761875 0.28402366875 0.628571428125 0.30325443750000003 0.629523809375 0.31952662656249997 0.6542857140625 0.32544378749999997 0.6561904765625 0.2943786984375 0.651428571875 0.28698224843750003
2 0.69904761875 0.45857988125000004 0.70095238125 0.43343195312500005 0.6971428578125 0.42159763281249996 0.6857142859375001 0.411242603125 0.6790476187500001 0.42011834375 0.6780952375 0.4363905328125 0.6828571421875 0.452662721875 0.690476190625 0.46005917187499995 0.69904761875 0.45857988125000004
2 0.5342857140625 0.6124260359375 0.528571428125 0.5991124265625001 0.5190476187499999 0.596153846875 0.511428571875 0.6065088750000001 0.5171428578125 0.6257396453124999 0.5238095234375 0.6301775140625 0.532380953125 0.6257396453124999 0.5342857140625 0.6124260359375
2 0.5733333328125 0.622781065625 0.5723809531249999 0.613905325 0.55904761875 0.596153846875 0.548571428125 0.593195265625 0.5428571421874999 0.6050295859375 0.5419047625 0.6183431953125 0.548571428125 0.6316568046875 0.5599999999999999 0.6331360953125 0.5733333328125 0.622781065625
2 0.5361904765625 0.45118343125000004 0.5419047625 0.4023668640625 0.5361904765625 0.392011834375 0.5247619046875001 0.392011834375 0.5227228578124999 0.414809171875 0.5091914281250001 0.42808431875 0.5027819046875 0.4203402359375 0.49238095312499996 0.42159763281249996 0.4828571421875 0.4363905328125 0.48095238125 0.45118343125000004 0.4933333328125 0.46893491093749995 0.529523809375 0.4630177515625 0.5361904765625 0.45118343125000004
2 0.4542857140625 0.5295857984375 0.4571428578125 0.5044378703125 0.449523809375 0.4896449703125 0.4419047625 0.48816568125000004 0.432279046875 0.5066213015625001 0.4171428578125 0.51183431875 0.41904761874999996 0.5369822484375 0.432279046875 0.5420177515625 0.447619046875 0.5369822484375 0.4542857140625 0.5295857984375
2 0.38380952343749997 0.4822485203125 0.37523809531249996 0.47781065156249997 0.3571428578125 0.48076923125000004 0.3561904765625 0.5014792906250001 0.36095238125 0.5088757390625 0.38380952343749997 0.5044378703125 0.38380952343749997 0.4822485203125
2 0.3533333328125 0.47781065156249997 0.3540952375 0.468218934375 0.3437133328125 0.45670118281249994 0.338151428125 0.45842899375 0.327619046875 0.4644970421875 0.3257142859375 0.4837278109375 0.33142857187499997 0.4911242609375 0.347619046875 0.48668639062499996 0.3533333328125 0.47781065156249997
2 0.312380953125 0.4837278109375 0.3057142859375 0.47337278125 0.2952380953125 0.4704142015625 0.28571428593750003 0.47781065156249997 0.28095238125 0.4896449703125 0.2828571421875 0.5088757390625 0.2971428578125 0.51183431875 0.309523809375 0.5 0.312380953125 0.4837278109375
2 0.2438095234375 0.4837278109375 0.2438095234375 0.4748520703125 0.2342857140625 0.46005917187499995 0.22095238125 0.4615384609375 0.21142857187500003 0.47781065156249997 0.21047619062499998 0.4955621296875 0.2142857140625 0.5 0.23619047656249997 0.49408284062499996 0.2438095234375 0.4837278109375
2 0.6361904765624999 0.809171596875 0.629523809375 0.8017751484375 0.6161904765624999 0.8076923078125 0.6161904765624999 0.8195266265625 0.6266666671875 0.8298816562500001 0.64 0.8254437875 0.6361904765624999 0.809171596875
2 0.69904761875 0.9378698218749999 0.6942857140625 0.926035503125 0.6847619046875 0.9215976328125001 0.6742857140625 0.9334319531249999 0.6733333328125 0.9423076921875 0.68095238125 0.9541420125 0.6971428578125 0.9541420125 0.69904761875 0.9378698218749999