3 0.35576923125 0.3320512828125 0.36634615312499996 0.3269230765625 0.3740384609375 0.31538461562500003 0.3798076921875 0.2987179484375 0.38173076875 0.26923076875 0.375 0.23589743593749998 0.36634615312499996 0.225641025 0.35673076875 0.22179487187500002 0.3355769234375 0.224358975 0.325 0.2371794875 0.316346153125 0.2641025640625 0.316346153125 0.2948717953125 0.3259615390625 0.32564102500000003 0.3375 0.3333333328125 0.35576923125 0.3320512828125
3 0.41435865312500003 0.298715384375 0.428846153125 0.2948717953125 0.44230769218750005 0.274358975 0.4589480765625 0.2262115390625 0.44519230781249997 0.184615384375 0.41923076875 0.16794871718749999 0.39423076875 0.19358974375 0.3798076921875 0.228205128125 0.378846153125 0.24615384687500003 0.384615384375 0.27692307656250004 0.3923076921875 0.297435896875 0.41435865312500003 0.298715384375
3 0.5365384609375 0.38333333281250004 0.55576923125 0.375641025 0.5634615390625 0.353846153125 0.5682692312500001 0.3371794875 0.5682692312500001 0.3012820515625 0.558653846875 0.258974359375 0.5451923078124999 0.2448717953125 0.5221153843749999 0.24615384687500003 0.5086538468749999 0.258974359375 0.5 0.284615384375 0.4990384609375 0.3115384609375 0.5035375 0.3465679484375 0.5269230765625 0.3820512828125 0.5365384609375 0.38333333281250004
3 0.47115384687499995 0.5512820515625 0.503846153125 0.5012820515625 0.5105769234374999 0.48076923125000004 0.5115384609375 0.46025641093749997 0.5076923078125 0.44102564062500005 0.49711538437499997 0.425641025 0.47307692343749996 0.415384615625 0.4394230765625 0.42948717968750005 0.42211538437499996 0.45512820468750004 0.4173076921875 0.47307692343749996 0.415384615625 0.5012820515625 0.4240384609375 0.5333333328125 0.447115384375 0.55 0.47115384687499995 0.5512820515625
3 0.4740384609375 0.7435897437500001 0.4894230765625 0.7333333328125 0.5048076921875 0.7051282046875 0.5086538468749999 0.68076923125 0.50673076875 0.646153846875 0.491346153125 0.624358975 0.459615384375 0.6217948718749999 0.4490384609375 0.6294871796875 0.4394230765625 0.647435896875 0.43461538437499997 0.675641025 0.4355769234375 0.7102564109375 0.446153846875 0.7333333328125 0.458653846875 0.7448717953124999 0.4740384609375 0.7435897437500001
3 0.60673076875 0.8730769234375 0.6163461531250001 0.8615384609375001 0.6264317312500001 0.8497423078124999 0.634615384375 0.83076923125 0.64165673125 0.79753974375 0.6326923078125 0.7679487171875 0.6192307687499999 0.752564103125 0.6 0.7512820515625 0.5884615390625 0.7551282046875001 0.5711538468749999 0.774358975 0.5634615390625 0.791025640625 0.5567307687499999 0.825641025 0.55576923125 0.8371794875 0.5634615390625 0.8615384609375001 0.5846153843749999 0.8794871796875 0.60673076875 0.8730769234375
3 0.7423076921875 0.7487179484375 0.75673076875 0.7294871796875 0.76826923125 0.703846153125 0.7730769234375 0.674358975 0.76826923125 0.6320512828125 0.7451923078125 0.6076923078124999 0.7298076921875001 0.6051282046875001 0.7173076921875 0.608974359375 0.6980769234374999 0.634615384375 0.6855769234375 0.6794871796875 0.684615384375 0.7230769234375 0.6980769234374999 0.7487179484375 0.7192307687499999 0.7576923078125 0.7423076921875 0.7487179484375
3 0.6423076921875001 0.7602564109375 0.6519230765625 0.75 0.6644230765625 0.746153846875 0.6817307687499999 0.721794871875 0.6875 0.6589743593749999 0.6798076921875 0.6397435890625001 0.6653846156250001 0.6230769234375 0.6384615390625 0.6192307687499999 0.6298076921875 0.624358975 0.60673076875 0.66923076875 0.6048076921875001 0.7192307687499999 0.6105769234375 0.7358974359375 0.6269230765625 0.753846153125 0.6423076921875001 0.7602564109375
3 0.6490384609375 0.2397435890625 0.6634615390625 0.2320512828125 0.672115384375 0.2128205125 0.6769230765625001 0.18846153906250002 0.6769230765625001 0.146153846875 0.66923076875 0.11538461562499999 0.6615384609375 0.102564103125 0.653846153125 0.096153846875 0.622115384375 0.08974358906249999 0.6048076921875001 0.11923076875000001 0.5923076921875 0.15641025625 0.591346153125 0.18589743593750002 0.609615384375 0.22179487187500002 0.6298076921875 0.2397435890625 0.6490384609375 0.2397435890625
3 0.5355769234375 0.23333333281250002 0.546153846875 0.2166666671875 0.5538461531250001 0.191025640625 0.5644230765625 0.1897435890625 0.5673076921875 0.175641025 0.5605769234375 0.17051282031249998 0.5625 0.16410256406249998 0.552884615625 0.1448717953125 0.5538461531250001 0.1371794875 0.534615384375 0.1166666671875 0.5221153843749999 0.11025641093750001 0.5125 0.11025641093750001 0.5 0.121794871875 0.4884615390625 0.15897435937499999 0.4865384609375 0.18076923125 0.4980769234375 0.2230769234375 0.5221153843749999 0.2397435890625 0.5355769234375 0.23333333281250002
3 0.6740384609375 0.5 0.6894230765625 0.5076923078125 0.7240384609375 0.4858974359375 0.7259615390625 0.42435897499999997 0.7134615390625 0.3820512828125 0.7009615390625 0.3705128203125 0.684615384375 0.36923076875 0.672115384375 0.375641025 0.6576923078125 0.3923076921875 0.6480769234375 0.43076923125000005 0.6480769234375 0.44743589687499996 0.6548076921875 0.474358975 0.6740384609375 0.5
3 0.24230769218749998 0.608974359375 0.259615384375 0.5871794875 0.2615384609375 0.5615384609375 0.25865384687500004 0.5487179484375 0.2519230765625 0.5371794875 0.23461538437499999 0.5371794875 0.2259615390625 0.5474358968749999 0.21923076875 0.571794871875 0.22019230781250002 0.5948717953125 0.2240384609375 0.602564103125 0.23173076875 0.608974359375 0.24230769218749998 0.608974359375
3 0.38173076875 0.5397435890625 0.38365384687500004 0.5179487171875 0.3769230765625 0.49358974375000003 0.358653846875 0.4884615390625 0.35 0.5051282046875001 0.3490384609375 0.528205128125 0.3576923078125 0.5487179484375 0.36826923125 0.5512820515625 0.38173076875 0.5397435890625
3 0.20865384687500002 0.4769230765625 0.2125 0.44230769218750005 0.20865384687500002 0.4397435890625 0.183653846875 0.4487179484375 0.1634615390625 0.47948717968750004 0.1625 0.4987179484375 0.172115384375 0.5115384609375 0.19423076875 0.508974359375 0.20865384687500002 0.4769230765625
3 0.225 0.546153846875 0.23365384687500002 0.5358974359374999 0.2298076921875 0.48974358906250004 0.20865384687500002 0.47948717968750004 0.1990384609375 0.49358974375000003 0.197115384375 0.521794871875 0.20192307656250003 0.5371794875 0.2134615390625 0.5474358968749999 0.225 0.546153846875
3 0.7105769234375 0.934615384375 0.7144230765625 0.9051282046875 0.70576923125 0.8833333328125 0.6884615390625 0.8782051281250001 0.6730769234375 0.9051282046875 0.6730769234375 0.928205128125 0.68076923125 0.9448717953125 0.6980769234374999 0.947435896875 0.7105769234375 0.934615384375
3 0.9019230765625 0.541025640625 0.9115384609375001 0.5320512828124999 0.9173076921875 0.508974359375 0.9125 0.4948717953125 0.8923076921875 0.48461538437499996 0.8673076921874999 0.48974358906250004 0.8490384609375001 0.5012820515625 0.8673076921874999 0.51923076875 0.8836538468749999 0.546153846875 0.9019230765625 0.541025640625
3 0.9076923078125001 0.7564102562499999 0.91923076875 0.7602564109375 0.9230769234375 0.7987179484375 0.9355769234375 0.8102564109375001 0.95 0.8064102562500001 0.9615384609375001 0.8179487171875 0.9990384609375 0.821794871875 0.9990384609375 0.6615384609375 0.9842365390625 0.6510820515625 0.9733615390624999 0.6394820515624999 0.9603105765625 0.6452820515625 0.9624855765625 0.6278820515625 0.9509615390624999 0.6192307687499999 0.941346153125 0.6166666671875001 0.9298076921874999 0.6230769234375 0.916346153125 0.6051282046875001 0.8990384609375001 0.615384615625 0.891346153125 0.6371794875 0.8980769234375 0.6679487171875 0.897115384375 0.6854705125 0.8875 0.7205128203125 0.9076923078125001 0.7564102562499999