3 0.5216541671875 0.40278046874999995 0.525 0.396875 0.5208333328125 0.3859375 0.51715 0.38082578125 0.50555555625 0.378125 0.49444444374999996 0.38359375 0.4916666671875 0.38984375 0.496884721875 0.39940312499999997 0.50739305625 0.40489140625 0.5216541671875 0.40278046874999995
3 0.6236111109375 0.396875 0.622222221875 0.39140625 0.6125 0.3875 0.6 0.3875 0.5888888890625 0.3953125 0.5888888890625 0.40625 0.5974625 0.41291328125 0.613225 0.411646875 0.6236111109375 0.396875
3 0.640277778125 0.42890625 0.6486111109375 0.41953125 0.6492527781249999 0.411646875 0.6416666671875 0.40234375 0.6263888890625 0.4 0.6152777781250001 0.40703125 0.6124736109375 0.41586875 0.6166666671875001 0.42109375 0.6289875 0.42557968749999997 0.640277778125 0.42890625
3 0.6660277781249999 0.42265625 0.672972221875 0.41796875 0.672972221875 0.4046875 0.66325 0.39765625 0.6465833328125 0.3953125 0.641027778125 0.4 0.650002778125 0.41122500000000006 0.65075 0.41953125 0.6660277781249999 0.42265625
3 0.7 0.37578125 0.7041666671875 0.36875 0.69305555625 0.35703125 0.6777777781250001 0.35625 0.66944444375 0.3625 0.66805555625 0.37265625 0.6763888890625 0.3796875 0.68194444375 0.38125 0.7 0.37578125
3 0.6611111109375 0.36171875 0.6638888890625 0.34765625 0.65 0.33984375 0.63724305625 0.34325 0.6291666671875 0.3515625 0.627777778125 0.3609375 0.63799444375 0.37069296875 0.65225555625 0.36858203125 0.6611111109375 0.36171875
3 0.622222221875 0.45546875 0.6375 0.4421875 0.6361111109375 0.43046875 0.61944444375 0.425 0.60555555625 0.43046875 0.6013888890625 0.4375 0.6041666671875 0.44609375 0.6111111109375 0.453125 0.622222221875 0.45546875
3 0.5075833328125 0.356609375 0.5034166671875 0.344109375 0.489527778125 0.34176562499999996 0.47702777812499997 0.350359375 0.47702777812499997 0.358953125 0.48262361093750006 0.36393828125 0.5006375000000001 0.363515625 0.5075833328125 0.356609375
3 0.6805555562500001 0.4625 0.6736111109375 0.45546875 0.6638888890625 0.45390625 0.6513888890625 0.4578125 0.640277778125 0.46640625 0.640277778125 0.47421875 0.659722221875 0.47890625 0.6777777781250001 0.47109375 0.6805555562500001 0.4625
3 0.6944444437499999 0.48671875 0.6916666671875 0.478125 0.6777777781250001 0.47265625 0.6638888890625 0.48046875 0.665277778125 0.49296875 0.6763888890625 0.49921875 0.6861111109375 0.4984375 0.6944444437499999 0.48671875
3 0.49388194375000005 0.61219296875 0.5013888890625 0.6046875 0.5021388890625 0.59868203125 0.49444444374999996 0.59296875 0.48712777812499997 0.58981640625 0.477777778125 0.590625 0.47083333281249995 0.59609375 0.47061388906249996 0.6029046874999999 0.475 0.60859375 0.48187361093750003 0.6126148437500001 0.49388194375000005 0.61219296875
3 0.50450555625 0.6340203125 0.502777778125 0.62421875 0.497222221875 0.61796875 0.477777778125 0.61484375 0.46944444374999994 0.6203125 0.46916111093749996 0.62585 0.47545555625 0.6340203125 0.4909486109375 0.63865078125 0.50450555625 0.6340203125
3 0.568415278125 0.6070585937499999 0.568415278125 0.59834296875 0.5638888890625 0.59296875 0.5513888890625 0.5875 0.54444444375 0.58828125 0.5361111109375 0.5953125 0.5375 0.6046875 0.5495333328124999 0.6103265625 0.55873194375 0.6108710937499999 0.568415278125 0.6070585937499999
3 0.5916666671875 0.659375 0.6013888890625 0.6546875 0.604727778125 0.64872734375 0.602777778125 0.64140625 0.5930555562500001 0.6359375 0.584877778125 0.63674375 0.577777778125 0.6390625 0.57519444375 0.64627578125 0.577777778125 0.65390625 0.5833333328125 0.65859375 0.5916666671875 0.659375
3 0.46383472187499997 0.61985859375 0.46805555625000006 0.6171875 0.47222222187499996 0.6125 0.472065278125 0.6070585937499999 0.46666666718750005 0.6015625 0.45 0.6015625 0.4388888890625 0.6078125 0.4361111109375 0.615625 0.4391416671875 0.61876953125 0.452215278125 0.6217648437500001 0.46383472187499997 0.61985859375
3 0.3427916671875 0.84154765625 0.352777778125 0.83359375 0.3563486109375 0.8284750000000001 0.3541666671875 0.821875 0.3458333328125 0.81875 0.3361111109375 0.81953125 0.32826666718749997 0.8233007812500001 0.32083333281250004 0.8296875 0.319552778125 0.8358289062500001 0.3229416671875 0.84154765625 0.3292361109375 0.8431820312499999 0.3427916671875 0.84154765625
3 0.44444444375 0.78828125 0.45277777812500003 0.7828125 0.45173055624999997 0.77645703125 0.447222221875 0.77109375 0.437690278125 0.766653125 0.4265541671875 0.76801484375 0.42083333281249996 0.77109375 0.41944444374999995 0.77890625 0.425 0.78515625 0.4318791671875 0.7881679687500001 0.44444444375 0.78828125
3 0.40234583281249997 0.8832171875 0.41154444375 0.8796765625 0.4138888890625 0.87421875 0.41638611093750005 0.86932734375 0.415277778125 0.86015625 0.41396527812499995 0.85761640625 0.40282916718750006 0.85353125 0.3941138890625 0.85571015625 0.3888888890625 0.8609375 0.3853986109375 0.8685101562499999 0.3875 0.87734375 0.3926625 0.88103828125 0.40234583281249997 0.8832171875
3 0.8724736109375 0.61359453125 0.88055555625 0.60859375 0.8819444437499999 0.59921875 0.8773166671875 0.5912625 0.8652777781250001 0.58671875 0.85694444375 0.5875 0.847222221875 0.59375 0.8458333328125001 0.6046875 0.8540763890624999 0.6146843750000001 0.861822221875 0.61631796875 0.8724736109375 0.61359453125
3 0.8322875 0.6266671875000001 0.8439083328124999 0.62394375 0.850202778125 0.6157734375 0.8468138890624999 0.6070585937499999 0.8416666671874999 0.60390625 0.834225 0.6032453125 0.8250249999999999 0.60542421875 0.818247221875 0.61005390625 0.8163111109375001 0.61631796875 0.818247221875 0.62367109375 0.821152778125 0.62693984375 0.8322875 0.6266671875000001
3 0.8486111109375001 0.478125 0.8541666671874999 0.48359375 0.859722221875 0.48671875 0.8680555562500001 0.4890625 0.872222221875 0.4890625 0.8784833328125 0.48948281250000003 0.8828263890624999 0.48948281250000003 0.8875 0.48984375 0.8888888890625 0.4875 0.8888888890625 0.4796875 0.8847222218749999 0.475 0.8791666671874999 0.47109375 0.877777778125 0.47109375 0.875 0.46953125 0.8666666671875 0.46875 0.8652777781250001 0.46796875 0.8543986109375 0.46949453124999996 0.8486111109375001 0.4734375 0.847222221875 0.47421875 0.8486111109375001 0.475 0.8486111109375001 0.478125
3 0.83194444375 0.49765625 0.8388888890624999 0.4953125 0.8430555562500001 0.49296875 0.8486111109375001 0.4875 0.8486111109375001 0.484375 0.85 0.48359375 0.85 0.48203125 0.847222221875 0.4796875 0.847222221875 0.47734375 0.8444444437499999 0.47421875 0.8416666671874999 0.47265625 0.8333333328125001 0.4703125 0.83055555625 0.471875 0.8291666671875 0.471875 0.8194444437499999 0.478125 0.8166666671874999 0.48203125 0.8166666671874999 0.48984375 0.8263888890625 0.49765625 0.83194444375 0.49765625
3 0.9486111109375001 0.6546875 0.95694444375 0.65 0.9583333328125001 0.64765625 0.9583333328125001 0.64140625 0.9554736109374999 0.6358390625 0.9475763890625 0.63361796875 0.941259721875 0.63450625 0.9305555562500001 0.640625 0.931373065625 0.6483481671875 0.93296805625 0.6522734375 0.9341527781250001 0.65471640625 0.941259721875 0.65604921875 0.9472222218749999 0.6546875 0.9486111109375001 0.6546875
3 0.6291666671875 0.7640625 0.6333333328124999 0.7671875 0.6347222218749999 0.76953125 0.6388888890625 0.771875 0.6416666671875 0.771875 0.64444444375 0.77109375 0.65 0.76796875 0.6541666671875 0.7625 0.6541666671875 0.75390625 0.652777778125 0.75234375 0.6458333328125 0.7484375 0.6416666671875 0.7484375 0.6375 0.75 0.6333333328124999 0.75 0.6291666671875 0.7515625 0.627777778125 0.75390625 0.627777778125 0.759375 0.6291666671875 0.76015625 0.6291666671875 0.7640625
3 0.63171805625 0.7499921875 0.64504305625 0.7477710937500001 0.64504305625 0.74230234375 0.642265278125 0.73917734375 0.6321125000000001 0.7351125 0.6246111109375 0.7337796875 0.6158763890625 0.73527109375 0.6123722218750001 0.73933203125 0.6130986109375 0.7438648437500001 0.6144875 0.7454273437500001 0.6228208328125 0.75011484375 0.63171805625 0.7499921875
3 0.45079027812500005 0.8458718749999999 0.45495694374999995 0.8482156249999999 0.4591236109375 0.8489968749999999 0.4619013890625 0.8505593749999999 0.46606805625 0.8505593749999999 0.46745694374999996 0.851340625 0.4730125 0.8505593749999999 0.475790278125 0.8489968749999999 0.47856805625 0.8450906249999999 0.47856805625 0.835715625 0.475790278125 0.8341531249999999 0.472209721875 0.8310546875 0.46668194375 0.8286117187500001 0.460759721875 0.8281671875000001 0.4532583328125 0.8277234375000001 0.4466236109375 0.8302468749999999 0.445234721875 0.831809375 0.4449666671875 0.839271875 0.44940138906250005 0.843528125 0.45079027812500005 0.8458718749999999
3 0.4138888890625 0.8078125 0.41944444374999995 0.8125 0.4236111109375 0.81484375 0.4263888890625 0.815625 0.43194444374999996 0.815625 0.434722221875 0.8125 0.4375 0.81171875 0.4388888890625 0.809375 0.44305555625000004 0.80625 0.44444444375 0.8015625 0.4458333328125 0.80078125 0.44444444375 0.79609375 0.4361111109375 0.79140625 0.43055555625 0.790625 0.42222222187499997 0.79296875 0.42083333281249996 0.79453125 0.41805555625 0.7953125 0.4138888890625 0.7984375 0.4138888890625 0.8015625 0.4125 0.80234375 0.4138888890625 0.80390625 0.4138888890625 0.8078125
3 0.3958333328125 0.796875 0.3958333328125 0.79765625 0.4 0.79921875 0.40833333281249995 0.79921875 0.4138888890625 0.79765625 0.42083333281249996 0.79296875 0.42222222187499997 0.79140625 0.42222222187499997 0.7890625 0.4236111109375 0.78828125 0.4236111109375 0.7859375 0.4166666671875 0.77734375 0.415277778125 0.7765625 0.41111111093749997 0.7765625 0.40138888906250003 0.7796875 0.397222221875 0.78203125 0.39305555625 0.7875 0.3916666671875 0.7921875 0.39305555625 0.79296875 0.39305555625 0.7953125 0.3958333328125 0.796875
3 0.272222221875 0.625 0.2791666671875 0.6265625 0.2916666671875 0.6265625 0.29444444375 0.6171875 0.29305555625 0.61640625 0.29305555625 0.6109375 0.290277778125 0.6078125 0.28472222187499996 0.6046875 0.28194444375 0.60390625 0.27638888906250003 0.60390625 0.2708333328125 0.60546875 0.2666666671875 0.60859375 0.26527777812500003 0.6109375 0.26527777812500003 0.61875 0.26944444375 0.6234375 0.272222221875 0.625
3 0.21111111093749999 0.65234375 0.2208333328125 0.65234375 0.22638888906250001 0.64921875 0.22916666718749998 0.64609375 0.22916666718749998 0.640625 0.2236111109375 0.634375 0.21944444375 0.63203125 0.215277778125 0.63203125 0.2125 0.63125 0.20694444375 0.6328125 0.1986111109375 0.6375 0.19583333281249998 0.63828125 0.19444444375 0.63984375 0.19444444375 0.64296875 0.2 0.64921875 0.21111111093749999 0.65234375
3 0.2833333328125 0.56953125 0.290277778125 0.57109375 0.29305555625 0.5703125 0.29722222187499997 0.5703125 0.3 0.56875 0.30416666718749996 0.56328125 0.30416666718749996 0.55703125 0.302777778125 0.5546875 0.2986111109375 0.54921875 0.2958333328125 0.54765625 0.2875 0.5453125 0.28194444375 0.54609375 0.28055555625 0.546875 0.2758708328125 0.55610546875 0.27638888906250003 0.56328125 0.28055555625 0.56796875 0.2833333328125 0.56953125
3 0.2818763890625 0.488334375 0.2935125 0.48981171874999996 0.2991416671875 0.48960078124999995 0.30416666718749996 0.4875 0.30555555624999997 0.4859375 0.30555555624999997 0.4796875 0.30416666718749996 0.47734375 0.29722222187499997 0.4734375 0.28611111093749997 0.47109375 0.27777777812500004 0.47109375 0.2708333328125 0.47265625 0.2666666671875 0.475 0.26527777812500003 0.47890625 0.2708333328125 0.484375 0.276997221875 0.4870671875 0.2818763890625 0.488334375
3 0.08055555625000001 0.55234375 0.0852013890625 0.5567390624999999 0.0927083328125 0.55800546875 0.0958333328125 0.5578125 0.1041666671875 0.553125 0.10621944375 0.54934921875 0.10555555624999999 0.5453125 0.10555555624999999 0.5421875 0.1041666671875 0.53984375 0.0986111109375 0.53671875 0.0958333328125 0.5359375 0.090277778125 0.5359375 0.0875 0.5375 0.0861111109375 0.5375 0.08194444375 0.540625 0.0791666671875 0.546875 0.0791666671875 0.54921875 0.08055555625000001 0.55 0.08055555625000001 0.55234375
3 0 0.33203125 0.002777778125 0.3328125 0.002777778125 0.33359375 0.006944443749999999 0.3359375 0.0125 0.3375 0.019444443750000002 0.3375 0.0208333328125 0.33828125 0.03194444375 0.33828125 0.0375 0.33671875 0.0416666671875 0.334375 0.04444444375 0.33046875 0.04444444375 0.32578125 0.0416666671875 0.32265625 0.040277778125000004 0.32265625 0.0375 0.32109375 0.025 0.31796875 0.0125 0.31796875 0.006944443749999999 0.31953125 0.0041666671875 0.32109375 0.0013888890625 0.32421875 0 0.32421875 0 0.33203125
3 0.2236111109375 0.39609375 0.225 0.3953125 0.22638888906250001 0.39375 0.225 0.38671875 0.2236111109375 0.3859375 0.2236111109375 0.38359375 0.21944444375 0.38125 0.21111111093749999 0.37890625 0.20694444375 0.37890625 0.20277777812500003 0.3796875 0.1986111109375 0.38203125 0.197222221875 0.38359375 0.197222221875 0.38828125 0.21111111093749999 0.39609375 0.2236111109375 0.39609375
3 0.2666666671875 0.425 0.2666666671875 0.42578125 0.272222221875 0.42578125 0.2736111109375 0.4265625 0.2833333328125 0.4265625 0.2888888890625 0.42265625 0.2888888890625 0.41875 0.2875 0.41796875 0.2875 0.4140625 0.28611111093749997 0.4125 0.28194444375 0.41171875 0.27777777812500004 0.409375 0.2708333328125 0.4078125 0.2625 0.41171875 0.2611111109375 0.4140625 0.2611111109375 0.4203125 0.2625 0.42265625 0.2666666671875 0.425
3 0.23611111093749998 0.396875 0.24305555625 0.396875 0.24722222187499998 0.3953125 0.25222500000000003 0.39375 0.2541666671875 0.38828125 0.252777778125 0.3875 0.252777778125 0.38515625 0.25 0.38359375 0.24722222187499998 0.3796875 0.2388888890625 0.37578125 0.23055555625 0.378125 0.22638888906250001 0.38125 0.225 0.38359375 0.225 0.3875 0.22916666718749998 0.39296875 0.23611111093749998 0.396875
3 0.2736111109375 0.4546875 0.27999999999999997 0.45603203125 0.28563055625 0.456665625 0.29125972187500004 0.45751015625 0.2958333328125 0.4578125 0.302777778125 0.45546875 0.30416666718749996 0.45078125 0.3013888890625 0.446875 0.2958333328125 0.44375 0.28194444375 0.440625 0.2736111109375 0.440625 0.2666666671875 0.4421875 0.2638888890625 0.44453125 0.2625 0.446875 0.26527777812500003 0.4515625 0.26805555625 0.453125 0.2736111109375 0.4546875
3 0.2375 0.5140625 0.2388888890625 0.515625 0.2477208328125 0.51704765625 0.255977778125 0.51725859375 0.2625 0.515625 0.26527777812500003 0.5140625 0.2666666671875 0.51171875 0.2666666671875 0.50625 0.26527777812500003 0.50390625 0.2625 0.50234375 0.2611111109375 0.50234375 0.2529763890625 0.50205703125 0.24659444375 0.50142421875 0.2375 0.503125 0.23611111093749998 0.50546875 0.23611111093749998 0.5109375 0.2375 0.51171875 0.2375 0.5140625
3 0.786959721875 0.151271875 0.7971388890625 0.14946328125 0.8078527781249999 0.1398203125 0.8111111109375001 0.13046875 0.8041666671875 0.1234375 0.790277778125 0.12265625 0.778925 0.127465625 0.77356805625 0.1362046875 0.771959721875 0.144340625 0.77678194375 0.14976484375000002 0.786959721875 0.151271875
3 0.7310916671875 0.1887609375 0.7310916671875 0.1801671875 0.72856805625 0.17598125 0.717202778125 0.1723546875 0.7102583328125001 0.1723546875 0.7007111109374999 0.17537890625000002 0.69636944375 0.1801671875 0.69498055625 0.1871984375 0.7047027781249999 0.1942296875 0.7185916671875 0.1942296875 0.7310916671875 0.1887609375
3 0.6916666671875 0.21875 0.702777778125 0.20859375 0.7013888890625 0.196875 0.69428194375 0.19406171875 0.6833333328125 0.19375 0.66805555625 0.203125 0.6669611109375 0.20882734374999998 0.66805555625 0.21640625 0.6777777781250001 0.22109375 0.6916666671875 0.21875
3 0.8166666671874999 0.2859375 0.8208333328125 0.2734375 0.8125 0.2671875 0.7986111109375 0.265625 0.790175 0.269696875 0.7833333328125 0.275 0.7819444437499999 0.28515625 0.7875 0.2921875 0.805175 0.29048984375 0.8166666671874999 0.2859375
3 0.8194444437499999 0.31015625 0.8263888890625 0.2984375 0.8166666671874999 0.290625 0.8013888890624999 0.290625 0.7861111109375 0.296875 0.784722221875 0.30625 0.790277778125 0.31171875 0.80694444375 0.31328125 0.8194444437499999 0.31015625
3 0.847222221875 0.32421875 0.85553194375 0.32243125 0.859722221875 0.31796875 0.861959721875 0.31278828125 0.859722221875 0.3015625 0.8486111109375001 0.2953125 0.8375 0.2953125 0.827777778125 0.3 0.8260666671875001 0.30856953125 0.8314236109375001 0.318815625 0.8375 0.32421875 0.847222221875 0.32421875
3 0.9117805562499999 0.2868734375 0.9214236109374999 0.28416171874999996 0.9263888890624999 0.27890625 0.927852778125 0.27180624999999997 0.9236111109375 0.26328125 0.91928055625 0.259753125 0.899459721875 0.26095859374999997 0.8916666671875 0.265625 0.8914236109375 0.273915625 0.89444444375 0.28359375 0.9032097218749999 0.28747656250000003 0.9117805562499999 0.2868734375