0 0.4011111109375 0.24117647031249997 0.4 0.21176470625000002 0.37555555625000003 0.1372549015625 0.35444444375 0.12745097968750002 0.3366666671875 0.15098039218749998 0.33555555625 0.198039215625 0.35444444375 0.2431372546875 0.37333333281250003 0.2607843140625 0.4011111109375 0.24117647031249997
0 0.25444444375 0.4470588234375 0.2733333328125 0.43333333281249997 0.2666666671875 0.3705882359375 0.2533333328125 0.3450980390625 0.22999999999999998 0.33137254843749997 0.21444444375 0.3431372546875 0.21000000000000002 0.35882352968750003 0.212222221875 0.378431371875 0.23555555625000002 0.43921568593750004 0.25444444375 0.4470588234375
0 0.38 0.390196078125 0.39888888906250003 0.37254902031250003 0.4261511109375 0.2893588234375 0.40444444375 0.2490196078125 0.39444444375 0.2490196078125 0.3711111109375 0.2647058828125 0.352222221875 0.309803921875 0.35 0.3392156859375 0.3588888890625 0.38039215625 0.36444444374999996 0.38823529375 0.38 0.390196078125
0 0.3266666671875 0.621568628125 0.352222221875 0.6058823531249999 0.3711111109375 0.5725490203125 0.3788888890625 0.501960784375 0.3611111109375 0.4725490203125 0.3411111109375 0.4725490203125 0.3133333328125 0.498039215625 0.29333333281249996 0.5411764703124999 0.29 0.582352940625 0.2966666671875 0.6039215687499999 0.3133333328125 0.61960784375 0.3266666671875 0.621568628125
0 0.5266666671875 0.690196078125 0.5366666671875 0.6764705875 0.54 0.6294117640625 0.512222221875 0.5686274515624999 0.49444444374999996 0.5607843140625 0.48 0.59607843125 0.48 0.6254901953124999 0.4933333328125 0.6686274515624999 0.5177777781249999 0.690196078125 0.5266666671875 0.690196078125
0 0.43444444375 0.7 0.45 0.678431371875 0.45999999999999996 0.6509803921875 0.4611111109375 0.6058823531249999 0.44000000000000006 0.5764705875 0.427777778125 0.5764705875 0.407777778125 0.594117646875 0.40444444375 0.6058823531249999 0.407777778125 0.6745098046875 0.42222222187499997 0.69607843125 0.43444444375 0.7
0 0.397777778125 0.9254901953125 0.41444444375 0.9058823531250001 0.42166444375 0.8805215687500001 0.42111111093750003 0.8549019609374999 0.40444444375 0.813725490625 0.39898444375 0.7988411765625 0.37075 0.7963901953125 0.3566666671875 0.7901960781249999 0.35 0.8 0.3466666671875 0.8196078437500001 0.34888888906250004 0.8705882359375 0.36666666718749996 0.91176470625 0.37666666718749997 0.921568628125 0.397777778125 0.9254901953125
0 0.34555555625 0.8803921562499999 0.34555555625 0.7921568625 0.3411111109375 0.78039215625 0.317777778125 0.7705882359375 0.2988888890625 0.815686275 0.30222222187500003 0.8666666671875 0.3133333328125 0.890196078125 0.32555555625 0.89607843125 0.34555555625 0.8803921562499999
0 0.54444444375 0.6450980390625001 0.55297555625 0.6562980390625001 0.56858555625 0.6487235296875 0.5722222218749999 0.6254901953124999 0.57555555625 0.5803921562500001 0.5711111109375 0.5568627453125 0.5633333328125001 0.5411764703124999 0.54444444375 0.5254901953125 0.5311111109375 0.5450980390625 0.5229266671875 0.5777901953125 0.52878 0.5991392156249999 0.5385366671875 0.6211764703125 0.54444444375 0.6450980390625001
0 0.4888888890625 0.5431372546875 0.49555555625 0.49411764687500004 0.49555555625 0.46666666718750005 0.49000000000000005 0.45490196093749996 0.46444444375 0.4450980390625 0.43666666718749997 0.4627450984375 0.43 0.4764705875 0.43444444375 0.5411764703124999 0.4533333328125 0.5529411765625001 0.4888888890625 0.5431372546875
0 0.40444444375 0.5921568625 0.42000000000000004 0.5725490203125 0.43 0.5411764703124999 0.427777778125 0.484313725 0.41444444375 0.46862745156249996 0.4033333328125 0.4705882359375 0.392222221875 0.48235294062499995 0.377777778125 0.5235294125000001 0.37555555625000003 0.5607843140625 0.3788888890625 0.5764705875 0.3911111109375 0.590196078125 0.40444444375 0.5921568625
0 0.34888888906250004 0.3294117640625 0.36555555625 0.2666666671875 0.3633333328125 0.2588235296875 0.342222221875 0.2372549015625 0.32444444375 0.2392156859375 0.31 0.2549019609375 0.307777778125 0.28823529375 0.3111111109375 0.3 0.3311111109375 0.3274509796875 0.34888888906250004 0.3294117640625