0 0.1380952375 0.372781065625 0.16190476250000002 0.32544378749999997 0.171428571875 0.25739645 0.1642857140625 0.2071005921875 0.1380952375 0.1449704140625 0.10952380937499999 0.10946745625000001 0.0761904765625 0.100591715625 0.03095238125 0.13313609531249998 0.0166666671875 0.16272189374999999 0.0166666671875 0.25147929062499996 0.0452380953125 0.346153846875 0.090476190625 0.3875739640625 0.1380952375 0.372781065625
0 0.38095238125 0 0.3357142859375 0.032544378125 0.3047619046875 0.0680473375 0.29285714218750003 0.100591715625 0.29285714218750003 0.1508875734375 0.3119047625 0.221893490625 0.3357142859375 0.26331360937500004 0.359523809375 0.27810650937500003 0.48095238125 0.21301775156249997 0.5142857140625 0.153846153125 0.5142857140625 0.08284023593749999 0.5047619046875 0.059171596874999996 0.48333333281249996 0.0355029578125 0.41904761874999996 0 0.38095238125 0
0 0.240476190625 0.627218934375 0.2642857140625 0.588757396875 0.27142857187499997 0.51183431875 0.247619046875 0.4289940828125 0.2071428578125 0.393491125 0.1761904765625 0.3816568046875 0.1261904765625 0.3875739640625 0.1 0.40532544374999996 0.0880952375 0.4289940828125 0.08333333281250001 0.49704142031250004 0.1238095234375 0.588757396875 0.1928571421875 0.6331360953125 0.240476190625 0.627218934375
0 0.347619046875 0.532544378125 0.37380952343749996 0.48816568125000004 0.3547619046875 0.30177514843750003 0.31904761875 0.25147929062499996 0.28095238125 0.24260354999999997 0.25952380937499997 0.26331360937500004 0.24523809531250002 0.304733728125 0.2428571421875 0.357988165625 0.26904761875 0.47337278125 0.302380953125 0.5266272187500001 0.347619046875 0.532544378125
0 0.65 0 0.63095238125 0.047337278125 0.628571428125 0.1124260359375 0.6571428578125 0.195266271875 0.6880952375 0.221893490625 0.7333333328125 0.221893490625 0.7952380953125 0.183431953125 0.840476190625 0.127218934375 0.8642857140625001 0.0769230765625 0.8833333328125 0 0.65 0
0 0.11904761875 0.872781065625 0.1738095234375 0.89053254375 0.22619047656250002 0.8550295859375 0.24523809531250002 0.8076923078125 0.24523809531250002 0.7278106515625 0.23095238125 0.6715976328125 0.21190476249999998 0.642011834375 0.121428571875 0.5917159765625 0.1 0.5917159765625 0.0619047625 0.600591715625 0.028571428125 0.66272189375 0.028571428125 0.7248520703125 0.040476190625000005 0.7662721890624999 0.0642857140625 0.8106508874999999 0.11904761875 0.872781065625
0 0.528571428125 0.90532544375 0.5619047625 0.8757396453125 0.621428571875 0.7869822484375 0.6357142859375 0.7337278109375001 0.640476190625 0.6775147921875 0.6333333328124999 0.6301775140625 0.609523809375 0.5739644968750001 0.509523809375 0.6242603546875001 0.46904761875 0.6331360953125 0.428571428125 0.7071005921875 0.4166666671875 0.763313609375 0.41904761874999996 0.8431952656249999 0.4547619046875 0.8964497046875 0.5 0.9142011828125 0.528571428125 0.90532544375
0 0.771428571875 0.8757396453125 0.7619047625 0.8254437875 0.7309523812500001 0.7662721890624999 0.7142857140625 0.7455621296875 0.6880952375 0.736686390625 0.652380953125 0.7603550296875 0.609523809375 0.8136094671875 0.5761904765625 0.9023668640625001 0.5761904765625 0.9970414203125 0.7452380953125 0.9970414203125 0.7666666671875 0.940828403125 0.771428571875 0.8757396453125
0 0.91904761875 0.9230769234375 0.9619047625 0.90532544375 0.9809523812500001 0.8520710062499999 0.9619047625 0.7544378703125 0.9119047625000001 0.6597633140625 0.8642857140625001 0.5976331359375 0.8238095234375 0.5769230765625 0.7928571421874999 0.5769230765625 0.7476190468749999 0.621301775 0.7309523812500001 0.6656804734375 0.7333333328125 0.7603550296875 0.802380953125 0.8698224859374999 0.8761904765624999 0.9230769234375 0.91904761875 0.9230769234375
0 0.9952380953125 0.656804734375 0.9976190468749999 0.3550295859375 0.96904761875 0.363905325 0.9238095234375001 0.40532544374999996 0.8761904765624999 0.49408284062499996 0.8738095234375001 0.5650887578125 0.9047619046875001 0.6390532546875 0.940476190625 0.66272189375 0.9952380953125 0.656804734375
0 0.3047619046875 0.76923076875 0.3333333328125 0.7721893484375 0.37619047656250004 0.7544378703125 0.42619047656250003 0.70118343125 0.45 0.6449704140625 0.447619046875 0.5976331359375 0.3928571421875 0.5295857984375 0.36904761875 0.5295857984375 0.32142857187499996 0.5562130171875 0.2666666671875 0.6035502953125 0.2380952375 0.6597633140625 0.2380952375 0.6863905328125 0.25 0.7189349109375 0.3047619046875 0.76923076875