1 0.13767209062500002 0.5545977015625 0.113892365625 0.6048850578125 0.11138923593750001 0.673850575 0.12015018749999999 0.6810344828125 0.12390488125000002 0.6954022984375 0.1414267828125 0.688218390625 0.14768460625 0.6781609203125 0.15143929843749998 0.6293103453125 0.1614518140625 0.6163793109375 0.16270337968749998 0.587643678125 0.157697121875 0.5704022984375 0.1689612015625 0.5445402296874999 0.1914893609375 0.3333333328125 0.190237796875 0.31465517187500003 0.1814768453125 0.298850575 0.153942428125 0.3160919546875 0.157697121875 0.3433908046875 0.130162703125 0.385057471875 0.1314142671875 0.3936781609375 0.1389236546875 0.39798850625000004 0.1389236546875 0.41091954062499997 0.12640800937500002 0.4166666671875 0.113892365625 0.4454022984375 0.1214017515625 0.4669540234375 0.12265331718750001 0.4956896546875 0.14017521875 0.513649425 0.13767209062500002 0.5545977015625
1 0.361702128125 0.5043103453125 0.34918648281250003 0.4956896546875 0.3066332921875 0.511494253125 0.2966207765625 0.52298850625 0.294117646875 0.548850575 0.330413015625 0.5675287359375 0.36045056249999996 0.52298850625 0.361702128125 0.5043103453125
1 0.465581978125 0.185344828125 0.465581978125 0.160919540625 0.45236795937499996 0.1314712640625 0.42302878593750004 0.159482759375 0.41426783437500003 0.1839080453125 0.41426783437500003 0.20114942500000002 0.43429286562499997 0.22701149375 0.4505632046875 0.2183908046875 0.465581978125 0.185344828125
1 0.45932415468750004 0.0416666671875 0.4505632046875 0.012931034375 0.42052565781249995 0.012931034375 0.4080100125 0.027298850000000003 0.41301627031250004 0.0689655171875 0.4430538171875 0.0718390796875 0.4530663328125 0.0675287359375 0.45932415468750004 0.0416666671875
1 0.214017521875 0.040229884375000004 0.2090112640625 0.0158045984375 0.1927409265625 0.012931034375 0.173967459375 0.027298850000000003 0.1727158953125 0.035919540625 0.1852315390625 0.061781609375000004 0.2065081359375 0.057471264062500006 0.214017521875 0.040229884375000004
1 0.2127659578125 0.11494252812500001 0.21151439375 0.1034482765625 0.2165206515625 0.0948275859375 0.2127659578125 0.084770115625 0.186483103125 0.076149425 0.173967459375 0.076149425 0.16270337968749998 0.084770115625 0.153942428125 0.10201149375 0.1814768453125 0.1221264375 0.2002503125 0.12356321875000001 0.2127659578125 0.11494252812500001
1 0.745932415625 0.0718390796875 0.7471839796874999 0.063218390625 0.7246558203125 0.030172414062500003 0.69962453125 0.0244252875 0.6896120156250001 0.030172414062500003 0.6808510640625001 0.0459770109375 0.6808510640625001 0.0675287359375 0.705882353125 0.0919540234375 0.7183979968750001 0.090517240625 0.745932415625 0.0718390796875
1 0.7209011265624999 0.40086206874999997 0.70838548125 0.386494253125 0.6908635796875 0.3821839078125 0.6720901125000001 0.3994252875 0.6795994999999999 0.435344828125 0.6933667078125 0.4454022984375 0.7171464328125 0.4310344828125 0.7209011265624999 0.40086206874999997
1 0.7371714640625 0.6048850578125 0.7509386734375 0.5962643671875 0.758448059375 0.5833333328125 0.7571964953125 0.563218390625 0.73967459375 0.548850575 0.6983729656250001 0.563218390625 0.6971214015625 0.586206896875 0.7008760953125 0.59770115 0.712140175 0.6063218390625 0.7371714640625 0.6048850578125
1 0.7634543171875 0.8577586203124999 0.749687109375 0.8591954015625 0.72931539375 0.873143678125 0.7246558203125 0.8893678156249999 0.7431113890625001 0.9195977015624999 0.770702128125 0.9174870687500001 0.785982478125 0.8922413796875001 0.7634543171875 0.8577586203124999
1 0.9699624531250001 0.8606321843750001 0.97246558125 0.84770115 0.962453065625 0.8232758625000001 0.9749687109374999 0.8060344828125 0.993742178125 0.810344828125 0.9987484359375 0.798850575 0.9987484359375 0.6221264375 0.9924906124999999 0.6048850578125 0.9674643296875001 0.615268678125 0.942428034375 0.6048850578125 0.9224030031250001 0.6221264375 0.9161451812499999 0.6436781609375 0.9224030031250001 0.6810344828125 0.9148936171875001 0.6910919546875001 0.9161451812499999 0.701149425 0.89325531875 0.7698750000000001 0.8685857328125 0.8175287359375 0.8585732171875 0.836206896875 0.842302878125 0.8520114937500001 0.8185231546875 0.9008620687500001 0.8172715890625 0.915229884375 0.88360450625 0.9195402296875 0.9148936171875001 0.8893678156249999 0.9699624531250001 0.8606321843750001