3 0.20833333281250002 0.7041666671875 0.2427083328125 0.6763888890625 0.2645833328125 0.6458333328125 0.2770833328125 0.6152777781250001 0.278125 0.5736111109375 0.253125 0.5319444437499999 0.22916666718749998 0.527777778125 0.2 0.54444444375 0.1729166671875 0.5694444437499999 0.153125 0.5930555562500001 0.1375 0.627777778125 0.1354166671875 0.6583333328125 0.14375 0.6888888890625 0.1677083328125 0.7013888890625 0.20833333281250002 0.7041666671875
3 0.3104166671875 0.8986111109375001 0.3333333328125 0.8861111109375001 0.3604166671875 0.8847222218749999 0.3697916671875 0.875 0.3760416671875 0.840277778125 0.3697916671875 0.809722221875 0.35208333281250004 0.76944444375 0.3291666671875 0.7402777781250001 0.3083333328125 0.7236111109375 0.27395833281250004 0.715277778125 0.24895833281250002 0.7263888890625 0.2375 0.75555555625 0.23854166718749997 0.8027777781250001 0.2541666671875 0.8444444437499999 0.2760416671875 0.8791666671874999 0.3104166671875 0.8986111109375001
3 0.4916666671875 0.8388888890624999 0.5208333328125 0.859722221875 0.5572916671875 0.8083333328125001 0.5697916671875001 0.7763888890625 0.571875 0.734722221875 0.56875 0.7138888890625 0.5572916671875 0.69305555625 0.5427083328125 0.6833333328125 0.51875 0.68194444375 0.4947916671875 0.6944444437499999 0.47291666718750003 0.7166666671875 0.4635416671875 0.7333333328125 0.4447916671875 0.797222221875 0.4447916671875 0.8263888890625 0.45104166718750005 0.8430555562500001 0.47291666718750003 0.8361111109375001 0.4916666671875 0.8388888890624999
3 0.3854166671875 0.8375 0.42083333281249996 0.8125 0.4458333328125 0.777777778125 0.4604166671875 0.7333333328125 0.4604166671875 0.702777778125 0.45 0.6763888890625 0.43958333281249995 0.66944444375 0.4 0.6708333328125 0.36770833281250004 0.69305555625 0.33541666718749996 0.7402777781250001 0.33541666718749996 0.747222221875 0.365625 0.8013888890624999 0.375 0.8361111109375001 0.3854166671875 0.8375
3 0.55625 0.6333333328124999 0.58125 0.6263888890625 0.6114583328125 0.60694444375 0.621875 0.58194444375 0.6239583328125 0.559722221875 0.61875 0.5361111109375 0.60625 0.51944444375 0.5708333328124999 0.502777778125 0.5479166671875 0.5069444437499999 0.534375 0.5166666671875 0.5291666671875 0.5083333328124999 0.5072916671875001 0.5638888890625 0.50625 0.5833333328125 0.5125 0.60694444375 0.5322916671875 0.6291666671875 0.55625 0.6333333328124999
3 0.8072916671874999 0.8833333328125 0.790625 0.8638888890624999 0.7729166671875001 0.852777778125 0.74375 0.85694444375 0.73125 0.8638888890624999 0.696875 0.9041666671874999 0.6770833328125 0.9458333328125 0.6666666671875 0.9888888890624999 0.665625 0.9986111109375001 0.8322916671874999 0.9986111109375001 0.8239583328125001 0.91805555625 0.8072916671874999 0.8833333328125
3 0.48333333281249996 0.490277778125 0.5052083328125 0.4583333328125 0.5052083328125 0.42083333281249996 0.4916666671875 0.40416666718750005 0.46770833281249996 0.397222221875 0.45208333281249996 0.4 0.4270833328125 0.42083333281249996 0.415625 0.4388888890625 0.43854166718750004 0.48472222187499997 0.453125 0.5013888890625 0.48333333281249996 0.490277778125
3 0.088625 0.544140278125 0.103125 0.5333333328125 0.10729166718750001 0.5138888890625 0.1291666671875 0.515277778125 0.134375 0.5069444437499999 0.1302083328125 0.47083333281249995 0.12291666718750001 0.4611111109375 0.1052083328125 0.4513888890625 0.0666666671875 0.45694444375 0.04216875 0.4841041671875 0.0357364578125 0.51650555625 0.05208333281250001 0.54444444375 0.0635416671875 0.5513888890625 0.088625 0.544140278125
3 0.43541666718750005 0.6666666671875 0.44895833281249997 0.675 0.4614583328125 0.7041666671875 0.46875 0.709722221875 0.5135416671875 0.68194444375 0.5270833328125 0.64305555625 0.5239583328124999 0.6263888890625 0.50625 0.6041666671875 0.4760416671875 0.5875 0.46666666718750005 0.5875 0.459375 0.5958333328125 0.4447916671875 0.5875 0.4135416671875 0.5958333328125 0.384375 0.6208333328125 0.3760416671875 0.6375 0.375 0.652777778125 0.384375 0.6736111109375 0.40729166718750004 0.6666666671875 0.43541666718750005 0.6666666671875
3 0.3333333328125 0.7416666671875001 0.36770833281250004 0.6888888890625 0.3697916671875 0.6763888890625 0.3645833328125 0.6583333328125 0.371875 0.6541666671875 0.3645833328125 0.647222221875 0.3635416671875 0.6375 0.340625 0.625 0.3072916671875 0.625 0.2697916671875 0.6541666671875 0.2552083328125 0.6805555562500001 0.25 0.7013888890625 0.2510416671875 0.7236111109375 0.2697916671875 0.715277778125 0.303125 0.7208333328125 0.3333333328125 0.7416666671875001
3 0.40833333281249995 0.5486111109375 0.425 0.525 0.4166666671875 0.4791666671875 0.39375 0.4486111109375 0.36875 0.45694444375 0.3541666671875 0.49444444374999996 0.353125 0.5166666671875 0.3572916671875 0.5375 0.38125 0.534722221875 0.40833333281249995 0.5486111109375
3 0.79375 0.48055555625 0.8427083328125 0.46527777812500004 0.8510416671875 0.45 0.8416666671874999 0.41111111093749997 0.8083333328125001 0.39305555625 0.7791666671875 0.40138888906250003 0.7666666671875 0.425 0.765625 0.4486111109375 0.7697916671875 0.4583333328125 0.784375 0.4763888890625 0.79375 0.48055555625
3 0.128125 0.3875 0.14375 0.3763888890625 0.15 0.365277778125 0.146875 0.3291666671875 0.1385416671875 0.31805555625 0.1364583328125 0.3125 0.11875 0.3013888890625 0.090625 0.3083333328125 0.0822916671875 0.3138888890625 0.0739583328125 0.3291666671875 0.07291666718749999 0.3458333328125 0.0770833328125 0.3611111109375 0.0947916671875 0.384722221875 0.128125 0.3875
3 0.42484583281250005 0.23065416718749998 0.4210302078125 0.2018236109375 0.41770833281249997 0.18194444375000002 0.396875 0.15694444375 0.384375 0.1541666671875 0.371875 0.17361111093749998 0.3697916671875 0.20277777812500003 0.38229166718749996 0.23194444375 0.40416666718750005 0.24722222187499998 0.42484583281250005 0.23065416718749998
3 0.765625 0.2125 0.7614583328125 0.184722221875 0.7489583328125 0.1708333328125 0.728125 0.1625 0.69375 0.1625 0.6770833328125 0.175 0.6645833328124999 0.19444444375 0.6666666671875 0.20833333281250002 0.6895833328125 0.23333333281250002 0.7427083328124999 0.23055555625 0.765625 0.2125
3 0.8302083328125001 0.127777778125 0.8416666671874999 0.10833333281249999 0.8354166671875 0.084722221875 0.815625 0.06944444375 0.7927083328125 0.072222221875 0.778125 0.09305555625 0.775 0.10138888906250001 0.7770833328125 0.11388888906250001 0.796875 0.1361111109375 0.8302083328125001 0.127777778125
3 0.7520833328125 0.11944444375 0.75625 0.1111111109375 0.7583333328124999 0.075 0.75 0.059722221875 0.7208333328125 0.05694444375 0.6989583328125 0.06944444375 0.6895833328125 0.08333333281250001 0.6885416671875 0.097222221875 0.70625 0.13055555624999998 0.7354166671875 0.127777778125 0.7520833328125 0.11944444375
3 0.6885416671875 0.06944444375 0.6729166671875 0.0486111109375 0.6479166671875001 0.0458333328125 0.634375 0.05694444375 0.6322916671875001 0.0736111109375 0.6270833328125 0.08055555625000001 0.6322916671875001 0.102777778125 0.6572916671875 0.1111111109375 0.6833333328125 0.09444444375 0.6885416671875 0.06944444375
3 0.503125 0.17361111093749998 0.5260416671875 0.1513888890625 0.5177083328125 0.1111111109375 0.5104166671875 0.0986111109375 0.484375 0.0986111109375 0.471875 0.1166666671875 0.46979166718750004 0.13888888906250002 0.47291666718750003 0.15555555625 0.4895833328125 0.17916666718750002 0.503125 0.17361111093749998
3 0.478125 0.31805555625 0.5020833328125 0.302777778125 0.509375 0.2791666671875 0.50625 0.25555555625 0.490625 0.24444444375000002 0.478125 0.24305555625 0.46666666718750005 0.2486111109375 0.45625 0.2625 0.45416666718750004 0.2875 0.4604166671875 0.30555555624999997 0.46875 0.315277778125 0.478125 0.31805555625
3 0.5552083328124999 0.372222221875 0.559375 0.3541666671875 0.5572916671875 0.3291666671875 0.5395833328124999 0.3138888890625 0.5239583328124999 0.3138888890625 0.5114583328125 0.32083333281250004 0.49791666718750005 0.34722222187499996 0.49583333281249997 0.3638888890625 0.5239583328124999 0.372222221875 0.540625 0.39027777812500003 0.5552083328124999 0.372222221875
3 0.6239583328125 0.3625 0.6354166671875 0.3513888890625 0.6395833328125 0.3236111109375 0.6260416671875 0.3 0.603125 0.29722222187499997 0.578125 0.3083333328125 0.5583333328125 0.3333333328125 0.5572916671875 0.372222221875 0.5604166671875 0.38194444375000003 0.5927083328125 0.3611111109375 0.6239583328125 0.3625
3 0.9989583328125 0.815277778125 0.978125 0.8041666671875 0.9458333328125 0.809722221875 0.9197916671874999 0.840277778125 0.9 0.8888888890625 0.9010416671874999 0.95555555625 0.9177083328125001 0.9986111109375001 0.9989583328125 0.9986111109375001 0.9989583328125 0.815277778125