3 0.540540540625 0.59793814375 0.5521235515625 0.59793814375 0.559845559375 0.5927835046875 0.5675675671875 0.5721649484375 0.559845559375 0.536082475 0.5521235515625 0.5257731953125 0.5328185328124999 0.5257731953125 0.525096525 0.530927834375 0.521235521875 0.5412371140625 0.521235521875 0.567010309375 0.525096525 0.5773195875 0.540540540625 0.59793814375
3 0.2664092671875 0.6288659796875 0.2702702703125 0.6340206187499999 0.28571428593750003 0.6340206187499999 0.297297296875 0.6288659796875 0.3011583015625 0.6185567015625 0.3011583015625 0.59793814375 0.28957528906249996 0.567010309375 0.277992278125 0.5515463921875 0.258687259375 0.5618556703124999 0.25482625468750003 0.5721649484375 0.25482625468750003 0.6030927828125 0.2664092671875 0.623711340625 0.2664092671875 0.6288659796875
3 0.36909266406249996 0.7917268046875 0.3845366796875 0.781417525 0.3922586875 0.771108246875 0.396119690625 0.7556443296875 0.3922586875 0.7401804125 0.3729536671875 0.729871134375 0.3536486484375 0.729871134375 0.3382046328125 0.7453350515625 0.33434362968750003 0.7556443296875 0.33434362968750003 0.781417525 0.3420656375 0.7917268046875 0.36909266406249996 0.7917268046875
3 0.6007528953125 0.1989432984375 0.6123359078124999 0.2144072171875 0.6123359078124999 0.21956185625 0.62391891875 0.21956185625 0.6432239375 0.1989432984375 0.6470849421875 0.18347938125000002 0.6470849421875 0.152551546875 0.6432239375 0.14224226874999998 0.6316409265625 0.1319329890625 0.6123359078124999 0.1319329890625 0.6046139 0.14224226874999998 0.6046139 0.1473969078125 0.5968918921874999 0.15770618593750002 0.5968918921874999 0.18347938125000002 0.6007528953125 0.1989432984375
3 0.1853281859375 0.6030927828125 0.20077219999999998 0.59793814375 0.21235521249999997 0.5773195875 0.21235521249999997 0.5618556703124999 0.2046332046875 0.536082475 0.18918918906249999 0.52061855625 0.17760617812499999 0.5257731953125 0.1698841703125 0.536082475 0.166023165625 0.546391753125 0.166023165625 0.5721649484375 0.1698841703125 0.5824742265625 0.1853281859375 0.6030927828125
3 0.44787644843749996 0.9994484531250001 0.4517374515625 0.9839845359374999 0.4517374515625 0.9633659796874999 0.44787644843749996 0.9479020625000001 0.44015444062500003 0.93243814375 0.42471042499999995 0.922128865625 0.40540540468749997 0.9479020625000001 0.40540540468749997 0.9839845359374999 0.4131274125 0.9994484531250001 0.44787644843749996 0.9994484531250001
3 0.5019305015625 0.1030927828125 0.5096525093750001 0.1030927828125 0.5173745171874999 0.09793814375 0.5173745171874999 0.09278350468749999 0.525096525 0.0824742265625 0.525096525 0.05670103125 0.5289575296875 0.0515463921875 0.5289575296875 0.041237114062500003 0.525096525 0.030927834375 0.5096525093750001 0.0154639171875 0.49420849375 0.0154639171875 0.48648648593750005 0.025773195312500004 0.4826254828125 0.041237114062500003 0.4826254828125 0.0721649484375 0.48648648593750005 0.0824742265625 0.5019305015625 0.1030927828125
3 0.1196911203125 0.47825773125 0.127413128125 0.47825773125 0.135135134375 0.4731030921875 0.1544401546875 0.447329896875 0.1583011578125 0.4318659796875 0.1583011578125 0.4112474234375 0.15057915 0.390628865625 0.1428571421875 0.390628865625 0.1388030890625 0.3988247421875 0.12472200781250001 0.4135927828125 0.1156718140625 0.4297061859375 0.1119691125 0.4421752578125 0.1119691125 0.467948453125 0.1196911203125 0.47825773125
3 0.6465752890625 0.095170103125 0.6813243250000001 0.095170103125 0.6890463328124999 0.0900154640625 0.7083513515625001 0.06424226875 0.704490346875 0.04877835 0.6890463328124999 0.0333144328125 0.6581583015625 0.0333144328125 0.65043629375 0.038469071875 0.634992278125 0.059087628125 0.6311312734375 0.06939690781249999 0.6388532812500001 0.0900154640625 0.6465752890625 0.095170103125
3 0.71814671875 0.123711340625 0.7335907328125 0.13402061875 0.7567567562499999 0.13402061875 0.7614169890625 0.1205051546875 0.762312740625 0.10379896875000001 0.7567567562499999 0.0824742265625 0.752895753125 0.0773195875 0.741312740625 0.0721649484375 0.730138996875 0.058463917187500006 0.7131583015625 0.0668144328125 0.70656370625 0.0721649484375 0.702702703125 0.0721649484375 0.6988416984375 0.0773195875 0.6988416984375 0.09278350468749999 0.702702703125 0.1030927828125 0.71814671875 0.123711340625
3 0.5637065640625 0.17525773125 0.5714285718750001 0.1494845359375 0.5714285718750001 0.1288659796875 0.5637065640625 0.1185567015625 0.5637065640625 0.1134020625 0.55598455625 0.1030927828125 0.540540540625 0.1030927828125 0.5328185328124999 0.1082474234375 0.525096525 0.123711340625 0.526378378125 0.18135051562499999 0.540540540625 0.19072165000000002 0.55598455625 0.1855670109375 0.5637065640625 0.17525773125
3 0.6281891890625 0.6925257734375 0.6436332046875 0.6822164953125001 0.6513552125000001 0.6615979375000001 0.6513552125000001 0.620360825 0.6474942078125 0.620360825 0.6397722 0.6048969078125 0.6281891890625 0.6048969078125 0.6088841703125001 0.6255154640625 0.605023165625 0.6615979375000001 0.6127451734375 0.6822164953125001 0.62046718125 0.6925257734375 0.6281891890625 0.6925257734375