3 0.515740740625 0.3101851859375 0.515740740625 0.2870370375 0.5101851859375001 0.27870370312500004 0.4953703703125 0.28148148125 0.4824074078125 0.296296296875 0.48148148125 0.31851851875000003 0.4861111109375 0.3231481484375 0.5046296296875 0.3203703703125 0.515740740625 0.3101851859375
3 0.5546296296875 0.3740740734375 0.55648148125 0.35925925937500003 0.5453703703125 0.340740740625 0.5287037031249999 0.3351851859375 0.51944444375 0.3379629625 0.5148148140625 0.34444444375 0.515740740625 0.3583333328125 0.527777778125 0.375 0.5453703703125 0.38055555625 0.5546296296875 0.3740740734375
3 0.5101851859375001 0.409259259375 0.51851851875 0.3953703703125 0.515740740625 0.3731481484375 0.5101851859375001 0.36666666718749996 0.5018518515625 0.3648148140625 0.490740740625 0.36851851875 0.4879629625 0.3740740734375 0.48736851875 0.38488425937500004 0.48981481406249994 0.4 0.497222221875 0.4074074078125 0.5101851859375001 0.409259259375
3 0.45185185156249996 0.415740740625 0.4611111109375 0.3990740734375 0.4574074078125 0.3768518515625 0.4453703703125 0.3759259265625 0.43518518593750005 0.38148148125 0.42592592656250006 0.3981481484375 0.42592592656250006 0.41111111093749997 0.43148148124999997 0.41944444374999995 0.440740740625 0.42129629687500003 0.45185185156249996 0.415740740625
3 0.56949444375 0.303047221875 0.5779120375 0.29609351875 0.5804740734375 0.287309259375 0.58120648125 0.2744990734375 0.575 0.2666666671875 0.5676638890625 0.26351944375 0.559259259375 0.2648148140625 0.5509259265625001 0.275 0.5503583328125 0.2848240734375 0.55276944375 0.2959759265625 0.5618111109374999 0.303209259375 0.56949444375 0.303047221875
3 0.821296296875 0.3490740734375 0.8148148140625 0.3361111109375 0.803703703125 0.328703703125 0.7898148140625 0.32777777812500003 0.7833333328125 0.33148148125 0.7805555562500001 0.3453703703125 0.7898148140625 0.35555555625 0.8120370375 0.3574074078125 0.821296296875 0.3490740734375
3 0.824325 0.3195268515625 0.828225 0.30973796249999996 0.8263731484375001 0.30325648125 0.8143361109375 0.2949231484375 0.803225 0.2958490734375 0.7930398140625 0.3051083328125 0.7893361109375 0.32177500000000003 0.793965740625 0.3264046296875 0.8106324078125 0.32733055625 0.824325 0.3195268515625
3 0.8138888890624999 0.44351851875000003 0.8175925921875 0.43148148124999997 0.8138888890624999 0.4203703703125 0.803703703125 0.4166666671875 0.7879629625 0.41944444374999995 0.7768518515625 0.4296296296875 0.7777833328125 0.4390138890625 0.7814814812499999 0.447222221875 0.8015018515625 0.4475166671875 0.8138888890624999 0.44351851875000003
3 0.7731481484375 0.471296296875 0.7796296296875 0.4509259265625 0.7703703703125 0.43981481406249995 0.7611111109375 0.43981481406249995 0.7490740734375 0.4481481484375 0.7453703703125 0.4574074078125 0.746296296875 0.46944444374999994 0.7518518515625 0.475 0.7601851859375001 0.47592592656250005 0.7731481484375 0.471296296875
3 0.7361111109375 0.46851851875 0.7406398140625 0.4636268515625 0.752777778125 0.44259259218749997 0.7518518515625 0.43148148124999997 0.746296296875 0.425 0.7351851859375 0.42314814843750004 0.7254240734375 0.43274814843750004 0.7200537031249999 0.44348888906250006 0.7200537031249999 0.4546768515625 0.727777778125 0.46666666718750005 0.7361111109375 0.46851851875
3 0.7259259265625 0.522222221875 0.727777778125 0.5083333328124999 0.7203703703125 0.5 0.7083333328125 0.4981481484375 0.6972222218749999 0.503703703125 0.6916666671875 0.5129629625 0.6918601859375 0.5271740734375 0.6967833328124999 0.53254444375 0.7137888890624999 0.5312018515625 0.7259259265625 0.522222221875
3 0.7898148140625 0.5490740734374999 0.7833333328125 0.5361111109375 0.771296296875 0.527777778125 0.75585555625 0.52806944375 0.74444444375 0.5361111109375 0.746296296875 0.5509259265625001 0.7666666671875 0.5601851859375 0.783153703125 0.5585 0.7898148140625 0.5490740734374999
3 0.7175925921874999 0.58055555625 0.7231481484375 0.565740740625 0.7212962968750001 0.55648148125 0.7083333328125 0.5509259265625001 0.7009259265625001 0.5518518515624999 0.69351851875 0.5601851859375 0.6925925921875 0.5722222218749999 0.6972222218749999 0.5796296296875 0.703703703125 0.5824074078125 0.7175925921874999 0.58055555625
3 0.7453703703125 0.6731481484375 0.7416666671875001 0.6564814812499999 0.73148148125 0.64444444375 0.715740740625 0.6379629625 0.7018518515625 0.64351851875 0.7012583328125 0.6596388890625 0.7178166671875 0.6735120375 0.7333333328125 0.6796296296875 0.7453703703125 0.6731481484375
3 0.7111111109375 0.7083333328125 0.7185185187500001 0.69351851875 0.7185185187500001 0.6824074078125 0.7120370375 0.6703703703125 0.6972222218749999 0.6620370375 0.6888888890625 0.6638888890625 0.6824074078125 0.671296296875 0.68148148125 0.6824074078125 0.6879629625 0.696296296875 0.7046296296875 0.7083333328125 0.7111111109375 0.7083333328125
3 0.646296296875 0.76944444375 0.647222221875 0.75 0.64531851875 0.7428768515625 0.6379629625 0.7370370375 0.6231481484375 0.7361111109375 0.6148148140624999 0.7509259265625 0.6138888890625 0.7703703703125 0.621296296875 0.7851851859375001 0.6359203703125 0.7836009265625 0.646296296875 0.76944444375
3 0.69365 0.7424296296875 0.6981481484375001 0.7351851859375 0.7009259265625001 0.7259259265625 0.6944444437499999 0.7138888890625 0.6833333328125 0.7083333328125 0.672222221875 0.7083333328125 0.665740740625 0.7129629625 0.6638888890625 0.728703703125 0.66944444375 0.7379629624999999 0.6820148140625 0.743325 0.69365 0.7424296296875
3 0.571296296875 0.7416666671875001 0.577777778125 0.7212962968750001 0.577777778125 0.7120370375 0.5722222218749999 0.702777778125 0.5611111109375 0.6990740734374999 0.5527777781250001 0.7009259265625001 0.5453703703125 0.7120370375 0.5459703703125001 0.7272138890625001 0.5526824078125 0.7401916671875 0.5601851859375 0.74351851875 0.571296296875 0.7416666671875001
3 0.578703703125 0.7833333328125 0.5796296296875 0.7703703703125 0.5694444437499999 0.75648148125 0.5638888890625 0.75555555625 0.5518518515624999 0.7620370375000001 0.54351851875 0.772222221875 0.5416666671875 0.790740740625 0.5453703703125 0.797222221875 0.5648148140625 0.796296296875 0.578703703125 0.7833333328125
3 0.6546296296875 0.897222221875 0.6591916671875 0.8892148140625 0.6574074078125001 0.8768518515625001 0.6453703703125 0.86851851875 0.6361111109375 0.8675925921875001 0.6229425921875 0.8851870375 0.62070555625 0.9030879625000001 0.627777778125 0.909259259375 0.640740740625 0.9101851859375 0.6546296296875 0.897222221875
3 0.5166666671875 0.9518518515625001 0.5203703703125 0.934259259375 0.51851851875 0.9268518515625 0.5111111109375 0.921296296875 0.49629629687500004 0.9203703703125001 0.48425925937500003 0.934259259375 0.48333333281249996 0.946296296875 0.48981481406249994 0.95555555625 0.5074074078125 0.9583333328125001 0.5166666671875 0.9518518515625001
3 0.9091407406249999 0.5479 0.9120370375 0.5425925921875 0.9120370375 0.5333333328125 0.9102388890625001 0.528502778125 0.9046296296874999 0.522222221875 0.8955990734375 0.5222805562499999 0.8860833328125001 0.5270379625 0.8864490734375 0.5376518515625001 0.8953703703125001 0.55 0.902777778125 0.55 0.9091407406249999 0.5479
3 0.8871814812500001 0.5698601859375 0.8925925921875001 0.5574074078125 0.8888888890625 0.54444444375 0.8827888890625 0.538384259375 0.8740740734375001 0.5370370375 0.8685148140625 0.541678703125 0.8663194437499999 0.5482666671875001 0.8677833328125001 0.5614425921875 0.8798611109375001 0.5760824078125 0.88315555625 0.57461851875 0.8871814812500001 0.5698601859375
3 0.77665 0.2188675921875 0.7883611109374999 0.2152074078125 0.7912898140625 0.2097175921875 0.790740740625 0.1925925921875 0.7824074078125001 0.177777778125 0.76944444375 0.17314814843749998 0.7611111109375 0.175 0.752777778125 0.1824074078125 0.75 0.190740740625 0.7616435187499999 0.2060574078125 0.765740740625 0.2166666671875 0.77665 0.2188675921875
3 0.7611111109375 0.21851851875 0.7629629625 0.21296296250000002 0.759259259375 0.2046296296875 0.7490740734375 0.196296296875 0.7379629624999999 0.1916666671875 0.722222221875 0.197222221875 0.7185185187500001 0.21296296250000002 0.725409259375 0.2221611109375 0.7490740734375 0.22685185156249998 0.7611111109375 0.21851851875
3 0.7546296296875 0.2509259265625 0.7518518515625 0.23611111093749998 0.7453703703125 0.22777777812500002 0.7268518515625 0.22407407343750002 0.7175925921874999 0.22777777812500002 0.7148148140624999 0.23333333281250002 0.71589351875 0.24741481406250002 0.73055555625 0.2611111109375 0.746296296875 0.26203703749999996 0.7546296296875 0.2509259265625
3 0.7206518515625 0.2924333328125 0.72504351875 0.28694351875 0.7261416671875 0.272302778125 0.725409259375 0.26608148125 0.7175925921874999 0.252777778125 0.7018518515625 0.2509259265625 0.690740740625 0.2611111109375 0.690740740625 0.275 0.696296296875 0.284259259375 0.7074759265624999 0.2891388890625 0.7206518515625 0.2924333328125
3 0.7111111109375 0.3120370375 0.7101851859375 0.2925925921875 0.6916666671875 0.2833333328125 0.6833333328125 0.2898148140625 0.6805555562500001 0.29722222187499997 0.6796296296875 0.3111111109375 0.6879629625 0.325 0.703703703125 0.32592592656249997 0.7111111109375 0.3120370375
3 0.6928361109375001 0.24704907343750002 0.703703703125 0.2379629625 0.703703703125 0.22777777812500002 0.69351851875 0.2175925921875 0.6759259265625001 0.2175925921875 0.6638888890625 0.22870370312500002 0.6620370375 0.2379629625 0.665740740625 0.2453703703125 0.6800259265624999 0.2499768515625 0.6928361109375001 0.24704907343750002
3 0.314759259375 0.5592462968749999 0.327202778125 0.5592462968749999 0.33148148125 0.540740740625 0.32685185156249996 0.5231481484375 0.3195166671875 0.51459444375 0.3111111109375 0.5101851859375001 0.29814814843750004 0.5138888890625 0.2925925921875 0.5203703703125 0.2931648140625 0.53289444375 0.29609351875 0.544240740625 0.305609259375 0.556684259375 0.314759259375 0.5592462968749999
3 0.29722222187499997 0.56851851875 0.29444444375 0.5481481484375 0.2870370375 0.540740740625 0.275 0.5416666671875 0.26574074062499997 0.55648148125 0.26851851875 0.5759259265625001 0.2796296296875 0.5833333328125 0.2898148140625 0.5833333328125 0.29722222187499997 0.56851851875
3 0.1981481484375 0.6129629624999999 0.20370370312500002 0.5981481484375 0.20370370312500002 0.584259259375 0.1981481484375 0.5740740734374999 0.1888888890625 0.5694444437499999 0.1740740734375 0.56851851875 0.1629629625 0.5768518515625 0.15925925937500002 0.5851851859375 0.15648148125 0.6046296296875 0.165740740625 0.621296296875 0.184259259375 0.6231481484375 0.1981481484375 0.6129629624999999
3 0.234971296875 0.5559518515625 0.2400953703125 0.5449722218749999 0.241559259375 0.53143055625 0.24046111093750003 0.51971851875 0.2296296296875 0.503703703125 0.21296296250000002 0.4990740734375 0.2018518515625 0.5074074078125 0.2 0.5166666671875 0.1990740734375 0.5287037031249999 0.2138888890625 0.5527777781250001 0.22685185156249998 0.5583333328125 0.234971296875 0.5559518515625
3 0.10980000000000001 0.8117851859374999 0.1120370375 0.8009259265625 0.11272777812500001 0.7938518515624999 0.109259259375 0.7833333328125 0.0995518515625 0.7733555562500001 0.0916666671875 0.76944444375 0.0824074078125 0.771296296875 0.0731481484375 0.7805555562500001 0.0742981484375 0.8030018515625 0.080153703125 0.8128833328124999 0.0966240734375 0.8216675921875 0.10980000000000001 0.8117851859374999
3 0.4744046296875 0.502134259375 0.4789259265625 0.49881851875 0.48224166718749994 0.4949 0.4819398140625 0.48254259218750006 0.47715370312500005 0.4660638890625 0.4722953703125 0.4635546296875 0.4651166671875 0.4632861109375 0.4575268515625 0.4677740734375 0.45571851875 0.47319907343749995 0.456622221875 0.4876666671875 0.4604870375 0.49569351875 0.4674731484375 0.5027370375 0.4744046296875 0.502134259375
3 0.385190740625 0.4985166671875 0.3900129625 0.500325 0.3948351859375 0.49972222187500004 0.4 0.4981481484375 0.40277777812500004 0.4953703703125 0.4046296296875 0.48981481406249994 0.3981481484375 0.477777778125 0.3925925921875 0.4731481484375 0.38703703749999996 0.46944444374999994 0.38333333281250004 0.46851851875 0.371296296875 0.46944444374999994 0.36851851875 0.47222222187499996 0.365740740625 0.478703703125 0.3648148140625 0.48518518593750004 0.36851851875 0.49444444374999996 0.37795648125 0.4976129625 0.385190740625 0.4985166671875
3 0.36759259218749996 0.45277777812500003 0.3703703703125 0.45277777812500003 0.371296296875 0.45370370312499997 0.3740740734375 0.45277777812500003 0.384259259375 0.45370370312499997 0.3879629625 0.4509259265625 0.39351851875 0.44351851875000003 0.39351851875 0.4361111109375 0.39074074062499997 0.4268518515625 0.3879629625 0.42222222187499997 0.38240740781250004 0.41944444374999995 0.375 0.41944444374999995 0.3740740734375 0.4203703703125 0.365740740625 0.42129629687500003 0.3620370375 0.4240740734375 0.3574074078125 0.43148148124999997 0.35648148125 0.43981481406249995 0.3583333328125 0.44444444375 0.3620370375 0.44907407343749994 0.36759259218749996 0.45277777812500003
3 0.4071925921875 0.4114120375 0.4166666671875 0.41203703750000004 0.42407129687499995 0.408097221875 0.4268518515625 0.3916666671875 0.42129629687500003 0.384259259375 0.4148148140625 0.378703703125 0.403703703125 0.377777778125 0.40277777812500004 0.378703703125 0.3953703703125 0.3796296296875 0.3888888890625 0.384259259375 0.38703703749999996 0.3888888890625 0.3861111109375 0.3916666671875 0.38703703749999996 0.40092592656250003 0.3957388890625 0.4083981484375 0.4071925921875 0.4114120375
3 0.6333333328124999 0.2648148140625 0.6379629625 0.2675925921875 0.6481481484375 0.2675925921875 0.6518518515625 0.26574074062499997 0.6555555562500001 0.259259259375 0.65735555625 0.24745 0.6537037031249999 0.23055555625 0.647222221875 0.22870370312500002 0.6379629625 0.22870370312500002 0.6333333328124999 0.23148148124999998 0.628703703125 0.240740740625 0.627777778125 0.24351851875000002 0.627777778125 0.2518518515625 0.6296296296875 0.25833333281250004 0.6333333328124999 0.2648148140625
3 0.5556620375 0.3361870375 0.5607851859374999 0.3302083328125 0.5648148140625 0.3203703703125 0.5638888890625 0.30740740781250003 0.553384259375 0.302596296875 0.5456981484375001 0.3008888890625 0.5363046296875 0.30373518593750004 0.532034259375 0.3134138890625 0.53118055625 0.3302083328125 0.5402898140625 0.33789444375 0.547122221875 0.33817962968750004 0.5556620375 0.3361870375
3 0.5833333328125 0.6101851859375 0.5925925921874999 0.6101851859375 0.6018518515625 0.6083333328125 0.60648148125 0.60555555625 0.6111111109375 0.5990740734375 0.6120370375 0.5879629625 0.6083333328125 0.5796296296875 0.60648148125 0.577777778125 0.6046296296875 0.5768518515625 0.5916666671875 0.577777778125 0.5851851859375 0.5824074078125 0.578703703125 0.5888888890625 0.5740740734374999 0.5981481484375 0.5731481484375001 0.603703703125 0.5796296296875 0.609259259375 0.5824074078125 0.609259259375 0.5833333328125 0.6101851859375
3 0.577777778125 0.571296296875 0.583825 0.57323148125 0.5891212968749999 0.5738194437499999 0.5958898140625 0.574702778125 0.6026574078125 0.572053703125 0.60555555625 0.5703703703125 0.6083333328125 0.5648148140625 0.609259259375 0.5611111109375 0.6083333328125 0.5518518515624999 0.60555555625 0.546296296875 0.5990740734375 0.5425925921875 0.5944444437499999 0.5425925921875 0.5935185187500001 0.5416666671875 0.578703703125 0.5425925921875 0.5703703703125 0.546296296875 0.5675925921875 0.5490740734374999 0.565740740625 0.5527777781250001 0.565740740625 0.5574074078125 0.5694444437499999 0.5638888890625 0.577777778125 0.571296296875
3 0.6398148140625 0.46666666718750005 0.6453703703125 0.46481481406249997 0.6537037031249999 0.45555555625000005 0.6564814812499999 0.447222221875 0.6537037031249999 0.4379629625 0.6509259265625 0.43518518593750005 0.6453703703125 0.43240740781250003 0.635759259375 0.4344268515625 0.6249925921874999 0.44169351875 0.621296296875 0.44907407343749994 0.6203703703125 0.45 0.621296296875 0.4583333328125 0.6268518515625 0.46666666718750005 0.6398148140625 0.46666666718750005
3 0.6638888890625 0.4574074078125 0.6703703703125 0.46388888906250003 0.6753259265625 0.468878703125 0.680171296875 0.470225 0.6851851859375 0.46851851875 0.6888888890625 0.46481481406249997 0.6944444437499999 0.45 0.6944444437499999 0.44629629687500005 0.690740740625 0.4370370375 0.6851851859375 0.43148148124999997 0.6805555562500001 0.42870370312499995 0.675 0.42870370312499995 0.6715574078125 0.42850462968749997 0.6666666671875 0.4296296296875 0.6620370375 0.43333333281249997 0.6611111109375 0.4361111109375 0.6613296296875 0.44223240781250006 0.6611111109375 0.4481481484375 0.6638888890625 0.4574074078125