3 0.21584158437499998 0.1288888890625 0.24950495 0.11888888906249999 0.26138613906249997 0.1066666671875 0.265346534375 0.08444444375 0.2455445546875 0.06555555625000001 0.19405940625 0.058888889062500005 0.166336634375 0.0633333328125 0.1544554453125 0.0711111109375 0.152475246875 0.0988888890625 0.16237623750000002 0.1111111109375 0.1881188125 0.12555555625 0.21584158437499998 0.1288888890625
3 0.3702970296875 0.12 0.3821782171875 0.0988888890625 0.3603960390625 0.0711111109375 0.314851484375 0.061111110937500004 0.2673267328125 0.06999999999999999 0.2673267328125 0.1 0.2871287125 0.12 0.31287128750000004 0.1288888890625 0.3702970296875 0.12
3 0.4237623765625 0.1211111109375 0.46534653437499995 0.137777778125 0.49702970312500006 0.132222221875 0.5267326734375 0.1166666671875 0.528712871875 0.102222221875 0.5148514843750001 0.08444444375 0.4891089109375 0.067777778125 0.46930693124999995 0.062222221875 0.4178217828125 0.062222221875 0.40198019843750005 0.0711111109375 0.40198019843750005 0.0811111109375 0.4079207921875 0.102222221875 0.4237623765625 0.1211111109375
3 0.46930693124999995 0.19444444375 0.4792079203125 0.177777778125 0.4792079203125 0.1588888890625 0.46732673281250003 0.1411111109375 0.4455445546875 0.1288888890625 0.41188118749999997 0.12444444375 0.3801980203125 0.1288888890625 0.35643564375 0.1533333328125 0.3643564359375 0.1833333328125 0.37821782187499997 0.1933333328125 0.42970297031250004 0.20111111093749998 0.46930693124999995 0.19444444375
3 0.5980198015625 0.2811111109375 0.6237623765625 0.257777778125 0.6198019796875001 0.23333333281250002 0.59405940625 0.2211111109375 0.56831683125 0.22000000000000003 0.5485148515625 0.22555555625 0.5227722765625 0.24444444375000002 0.5207920796875001 0.272222221875 0.528712871875 0.27999999999999997 0.552475246875 0.28555555625 0.5980198015625 0.2811111109375
3 0.752475246875 0.2166666671875 0.7544554453125001 0.1988888890625 0.7366336640625 0.18777777812500002 0.7009900984375 0.1866666671875 0.6613861390625 0.19555555625 0.63168316875 0.21777777812500002 0.6297029703125 0.23555555625000002 0.6514851484374999 0.2511111109375 0.708910890625 0.2511111109375 0.752475246875 0.2166666671875
3 0.7504950499999999 0.3366666671875 0.7742574249999999 0.33444444375 0.7980198015625 0.3111111109375 0.7973247531250001 0.28674555625 0.7658336640625001 0.26104333281250003 0.71881188125 0.25555555625 0.69306930625 0.272222221875 0.6871287125000001 0.2788888890625 0.691089109375 0.30555555624999997 0.7243207921875 0.3261033328125 0.7504950499999999 0.3366666671875
3 0.6455445546874999 0.3433333328125 0.6613861390625 0.3266666671875 0.6613861390625 0.3133333328125 0.6396039609375 0.29333333281249996 0.6138613859375 0.28555555625 0.590099009375 0.28444444375 0.5623762375 0.29 0.5544554453125 0.297777778125 0.5544554453125 0.3188888890625 0.5801980203125 0.33999999999999997 0.615841584375 0.347777778125 0.6455445546874999 0.3433333328125
3 0.6871287125000001 0.42444444375 0.6772277234375 0.3811111109375 0.647524753125 0.3588888890625 0.6039603953125 0.35555555625 0.574257425 0.367777778125 0.5643564359375 0.3788888890625 0.5623762375 0.39555555625 0.5960396046875001 0.4166666671875 0.647524753125 0.43 0.6871287125000001 0.42444444375
3 0.5366336640625 0.39 0.5623762375 0.37666666718749997 0.578217821875 0.3611111109375 0.5702970296875 0.342222221875 0.5405940593749999 0.32999999999999996 0.502970296875 0.332222221875 0.471287128125 0.35 0.46930693124999995 0.3711111109375 0.48118811875 0.38333333281250004 0.5049504953125 0.3911111109375 0.5366336640625 0.39
3 0.524752475 0.51 0.5405940593749999 0.50555555625 0.547952475 0.4912433328125 0.5405940593749999 0.47000000000000003 0.5168316828124999 0.4533333328125 0.4891089109375 0.44333333281250004 0.4613861390625 0.442222221875 0.42970297031250004 0.45999999999999996 0.42970297031250004 0.47888888906249993 0.45171287187500003 0.50082444375 0.49051881249999996 0.5086633328125 0.524752475 0.51
3 0.15643564375000002 0.5588888890625 0.1920792078125 0.5488888890625 0.19801980156250001 0.5266666671875 0.178217821875 0.50444444375 0.152475246875 0.497777778125 0.1227722765625 0.497777778125 0.09306930625 0.5088888890625001 0.085148515625 0.51444444375 0.085148515625 0.5377777781249999 0.1108910890625 0.5588888890625 0.15643564375000002 0.5588888890625
3 0.2554455453125 0.542222221875 0.28118811875 0.5333333328125 0.2891089109375 0.5133333328125 0.28118811875 0.49888888906249995 0.26138613906249997 0.487777778125 0.2198019796875 0.48333333281249996 0.19603960468749998 0.4888888890625 0.1861386140625 0.4966666671875 0.1821782171875 0.50555555625 0.20198019843749998 0.5411111109375 0.2198019796875 0.54444444375 0.2554455453125 0.542222221875
3 0.453465346875 0.44666666718750003 0.4613861390625 0.43555555625000003 0.45940594062500006 0.4233333328125 0.433663365625 0.40222222187499995 0.4178217828125 0.397777778125 0.3881188125 0.397777778125 0.3702970296875 0.40555555625000006 0.36633663437499997 0.41333333281250006 0.36237623750000003 0.42888888906249995 0.3881188125 0.45222222187499994 0.425742575 0.4588888890625 0.453465346875 0.44666666718750003
3 0.31089108906249996 0.35444444375 0.3326732671875 0.35444444375 0.3445544546875 0.3611111109375 0.3702970296875 0.36555555625 0.415841584375 0.3633333328125 0.433663365625 0.35555555625 0.4376237625 0.33555555625 0.4237623765625 0.26555555625 0.3881188125 0.2388888890625 0.35049505000000003 0.24333333281249997 0.3207920796875 0.26555555625 0.3009900984375 0.2611111109375 0.25742574218750003 0.26555555625 0.24158415781250003 0.29 0.2356435640625 0.332222221875 0.247524753125 0.3533333328125 0.2673267328125 0.3688888890625 0.31089108906249996 0.35444444375
3 0.609900990625 0.6044444437500001 0.6415841578125 0.592222221875 0.6613861390625 0.5688888890625 0.714851484375 0.5666666671875 0.7425742578125 0.5599999999999999 0.7643564359374999 0.542222221875 0.7623762375 0.5233333328125 0.7326732671875 0.51444444375 0.66930693125 0.5088888890625001 0.6455445546874999 0.5255555562499999 0.6039603953125 0.53444444375 0.5841584156249999 0.5433333328125001 0.5702970296875 0.5511111109375 0.5623762375 0.56444444375 0.5603960390625 0.5722222218749999 0.5762376234375 0.592222221875 0.5960396046875001 0.6033333328125 0.609900990625 0.6044444437500001
3 0.23168316875 0.8333333328125001 0.259382178125 0.8186722218750001 0.265346534375 0.7888888890625 0.2455445546875 0.76555555625 0.23168316875 0.7588888890625001 0.2079207921875 0.7588888890625001 0.190099009375 0.76555555625 0.17425742500000002 0.7833333328125 0.172277228125 0.8088888890625 0.1861386140625 0.832222221875 0.2039603953125 0.8400000000000001 0.23168316875 0.8333333328125001
3 0.328712871875 0.8 0.3326732671875 0.7788888890625 0.32708712812499996 0.753392221875 0.3223188125 0.73252444375 0.29900990156249996 0.7188888890625 0.275247525 0.717777778125 0.2554455453125 0.7211111109375 0.24158415781250003 0.7466666671875 0.23960396093749997 0.7588888890625001 0.271287128125 0.7933333328125001 0.297029703125 0.8044444437499999 0.328712871875 0.8
3 0.4222257421875 0.66996 0.43168316874999996 0.6733333328125 0.4613861390625 0.692222221875 0.487429703125 0.6939522218749999 0.508910890625 0.6911111109375 0.5301861390625 0.6903533328125 0.5472891093750001 0.68435555625 0.524752475 0.66555555625 0.5323247531249999 0.6453688890625 0.528712871875 0.6288888890625 0.5098772281249999 0.6087822218750001 0.49702970312500006 0.5866666671874999 0.4792079203125 0.577777778125 0.43960396093750004 0.5766666671875 0.4 0.597777778125 0.340594059375 0.6088888890625 0.3326732671875 0.6266666671875 0.33069306875 0.6555555562500001 0.36237623750000003 0.6777777781250001 0.3960396046875 0.682222221875 0.4222257421875 0.66996
3 0.5584158421875001 0.9033333328125 0.5702970296875 0.9066666671875 0.5881188125000001 0.9044444437499999 0.6054178218749999 0.89986555625 0.6118811875 0.887777778125 0.6181564359375 0.8803033328125001 0.6215089109374999 0.8622455562500001 0.6 0.8644444437500001 0.572277228125 0.8566666671875 0.5425742578125 0.832222221875 0.49702970312500006 0.832222221875 0.4792079203125 0.85 0.48118811875 0.8833333328125 0.51881188125 0.91555555625 0.5326732671875 0.9166666671874999 0.5584158421875001 0.9033333328125
3 0.41188118749999997 0.9011111109375 0.4079207921875 0.877777778125 0.3920792078125 0.8699999999999999 0.353005940625 0.87098 0.32475247500000004 0.8755555562499999 0.3009900984375 0.8922222218750001 0.30693069375 0.92555555625 0.328712871875 0.93555555625 0.4079207921875 0.9077777781249999 0.41188118749999997 0.9011111109375