3 0.60694444375 0.2947916671875 0.6291666671875 0.2927083328125 0.647222221875 0.2770833328125 0.6513888890625 0.2666666671875 0.6486111109375 0.2427083328125 0.6416666671875 0.23333333281250002 0.61944444375 0.2208333328125 0.5833333328125 0.221875 0.57345555625 0.2440833328125 0.5712111109375 0.2541833328125 0.5736111109375 0.2666666671875 0.5833333328125 0.2802083328125 0.60694444375 0.2947916671875
3 0.33194444375 0.346875 0.35972222187499997 0.328125 0.35555555625 0.30416666718749996 0.3458333328125 0.2916666671875 0.3333333328125 0.2854166671875 0.3166666671875 0.284375 0.2791666671875 0.3 0.27777777812500004 0.3125 0.28472222187499996 0.3302083328125 0.3013888890625 0.34375 0.33194444375 0.346875
3 0.25694444375000003 0.3708333328125 0.290277778125 0.3572916671875 0.29305555625 0.340625 0.275 0.3114583328125 0.24583333281250003 0.3104166671875 0.2125 0.3260416671875 0.20833333281250002 0.3479166671875 0.222222221875 0.3635416671875 0.24305555625 0.3708333328125 0.25694444375000003 0.3708333328125
3 0.39444444375 0.3895833328125 0.40277777812500004 0.3739583328125 0.40277777812500004 0.359375 0.3875 0.33645833281250004 0.35972222187499997 0.328125 0.3458333328125 0.340625 0.325 0.3489583328125 0.3263888890625 0.3645833328125 0.34722222187499996 0.3864583328125 0.372222221875 0.39375 0.39444444375 0.3895833328125
3 0.18194444375000002 0.45729166718750003 0.20087777812500002 0.4536583328125 0.2064888890625 0.4242 0.19444444375 0.409375 0.177777778125 0.39791666718749996 0.15277777812499999 0.3916666671875 0.134722221875 0.40416666718750005 0.1291666671875 0.4145833328125 0.1291666671875 0.4322916671875 0.140277778125 0.44375 0.1666666671875 0.45625 0.18194444375000002 0.45729166718750003
3 0.21805555625 0.50625 0.240277778125 0.49375 0.23472222187499997 0.46770833281249996 0.2416666671875 0.45104166718750005 0.20694444375 0.44895833281249997 0.16805555625 0.4583333328125 0.15972222187500001 0.4760416671875 0.15972222187500001 0.48645833281249995 0.17361111093749998 0.496875 0.20416666718749998 0.50625 0.21805555625 0.50625
3 0.2875 0.5010416671875 0.3125 0.4895833328125 0.3138888890625 0.459375 0.30694444375 0.4479166671875 0.290277778125 0.44166666718750003 0.2541666671875 0.44375 0.2388888890625 0.453125 0.23333333281250002 0.46458333281249997 0.23611111093749998 0.48645833281249995 0.252777778125 0.49895833281249996 0.2708333328125 0.503125 0.2875 0.5010416671875
3 0.40833333281249995 0.5708333328124999 0.4138888890625 0.5427083328125 0.40416666718750005 0.5260416671875 0.39027777812500003 0.515625 0.36666666718749996 0.50625 0.34722222187499996 0.50625 0.3263888890625 0.5125 0.3263888890625 0.546875 0.34861111093749997 0.56875 0.38333333281250004 0.5770833328125 0.40833333281249995 0.5708333328124999
3 0.3138888890625 0.6895833328125 0.325 0.675 0.325 0.665625 0.3125 0.6427083328125 0.275 0.6395833328125 0.2513888890625 0.6541666671875 0.23611111093749998 0.675 0.23472222187499997 0.68125 0.24722222187499998 0.696875 0.275 0.709375 0.3138888890625 0.6895833328125
3 0.46666666718750005 0.64375 0.4763888890625 0.6145833328125 0.4625 0.5979166671875 0.427777778125 0.5822916671875 0.4125 0.5802083328125 0.3888888890625 0.5833333328125 0.38194444375000003 0.5958333328125 0.38055555625 0.6145833328125 0.40416666718750005 0.6395833328125 0.44444444375 0.6458333328125 0.46666666718750005 0.64375
3 0.302777778125 0.765625 0.3375 0.7541666671875 0.35555555625 0.73125 0.35 0.7072916671875 0.3333333328125 0.6927083328125 0.3125 0.69375 0.28611111093749997 0.7041666671875 0.2638888890625 0.7270833328124999 0.26527777812500003 0.7541666671875 0.275 0.7635416671875 0.2875 0.765625 0.302777778125 0.765625
3 0.8882416671875 0.43531354218749996 0.902777778125 0.43125 0.915277778125 0.42083333281249996 0.9236111109375 0.403125 0.925 0.3885416671875 0.9069444437499999 0.3604166671875 0.8875 0.35625 0.8680555562500001 0.3583333328125 0.8541666671874999 0.36875 0.847222221875 0.38333333281250004 0.8458333328125001 0.40520833281249996 0.85636944375 0.4246197921875 0.872222221875 0.434375 0.8882416671875 0.43531354218749996
3 0.9458333328125 0.5177083328125 0.95694444375 0.490625 0.9583777781249999 0.4755416671875 0.9538888890624999 0.4646 0.9381777781249999 0.45281666718749997 0.9138888890624999 0.45104166718750005 0.8875 0.4739583328125 0.8888888890625 0.5177083328125 0.907877778125 0.532775 0.9277777781250001 0.53125 0.9458333328125 0.5177083328125
3 0.9958333328125001 0.6291666671875 0.99444444375 0.5989583328125 0.9611111109375001 0.5864583328124999 0.93194444375 0.5864583328124999 0.91805555625 0.5947916671875 0.9083333328125001 0.6083333328125 0.909722221875 0.6260416671875 0.915277778125 0.6322916671875001 0.9486111109375001 0.64375 0.9958333328125001 0.6291666671875
3 0.89444444375 0.7208333328125 0.9083333328125001 0.6739583328125 0.9 0.6677083328125 0.8708333328125001 0.66875 0.8541666671874999 0.678125 0.8458333328125001 0.690625 0.8444444437499999 0.7052083328125 0.852777778125 0.7166666671875 0.8680555562500001 0.721875 0.89444444375 0.7208333328125
3 0.98194444375 0.7322916671875 0.977777778125 0.7125 0.9513888890625 0.6979166671875 0.925 0.696875 0.9041666671874999 0.7072916671875 0.8986111109375001 0.7166666671875 0.9 0.7510416671875 0.922222221875 0.7614583328125 0.95694444375 0.765625 0.98194444375 0.7322916671875
3 0.902777778125 0.9270833328125001 0.915277778125 0.915625 0.922222221875 0.9 0.91944444375 0.8729166671874999 0.909722221875 0.8583333328125 0.8847222218749999 0.85 0.85694444375 0.8489583328125001 0.8430555562500001 0.8677083328125 0.8444444437499999 0.8989583328125 0.852777778125 0.9104166671874999 0.88055555625 0.928125 0.902777778125 0.9270833328125001
3 0.9444388890625 0.3579385421875 0.9586972218750001 0.3566802078125 0.9680555562500001 0.353125 0.98194444375 0.33541666718749996 0.98194444375 0.31979166718749996 0.9736111109375001 0.30520833281250004 0.9625 0.296875 0.934722221875 0.2916666671875 0.91805555625 0.2958333328125 0.909722221875 0.30416666718749996 0.9055555562500001 0.3229166671875 0.912565278125 0.3422125 0.926825 0.35479375 0.9444388890625 0.3579385421875