3 0.11187916718749999 0.3236111109375 0.1216013890625 0.29305555625 0.11049027812500001 0.2666666671875 0.0938236109375 0.252777778125 0.0743791671875 0.2541666671875 0.067434721875 0.2625 0.06604583281250001 0.2791666671875 0.07576805625000001 0.3083333328125 0.09937916718749999 0.3263888890625 0.11187916718749999 0.3236111109375
3 0.10990694375000001 0.3976208328125 0.1264736109375 0.39305 0.125902778125 0.3781958328125 0.1173333328125 0.3604861109375 0.09490972187499999 0.35 0.07824305625 0.3513888890625 0.0685208328125 0.3583333328125 0.06574305625 0.377777778125 0.076772221875 0.3890513890625 0.0961958328125 0.39533472187499996 0.10990694375000001 0.3976208328125
3 0.5111111109375 0.69305555625 0.5097222218749999 0.6805555562500001 0.5013888890625 0.6736111109375 0.48472222187499997 0.672222221875 0.46805555625000006 0.6944444437499999 0.47045555625 0.720009721875 0.48333333281249996 0.73055555625 0.502777778125 0.7208333328125 0.5111111109375 0.69305555625
3 0.5083333328124999 0.5986111109375 0.5083333328124999 0.58194444375 0.5 0.5694444437499999 0.477777778125 0.5694444437499999 0.45555555625000005 0.584722221875 0.45277777812500003 0.6083333328125 0.4583333328125 0.6111111109375 0.48055555625 0.6125 0.5083333328124999 0.5986111109375
3 0.525 0.61944444375 0.5125 0.602777778125 0.5013888890625 0.6013888890625 0.48055555625 0.6125 0.47222222187499996 0.6333333328124999 0.4763888890625 0.6541666671875 0.4986111109375 0.6541666671875 0.51805555625 0.6416666671875 0.525 0.61944444375
3 0.5083333328124999 0.56805555625 0.51805555625 0.5527777781250001 0.51851805625 0.5148208328125 0.4991083328125 0.5101986109375 0.4870916671875 0.512047221875 0.4791666671875 0.525 0.47507638906249994 0.5462458328124999 0.48055555625 0.5611111109375 0.49305555625 0.56805555625 0.5083333328124999 0.56805555625
3 0.6763888890625 0.5875 0.68194444375 0.5763888890625 0.6777777781250001 0.559722221875 0.665277778125 0.5458333328125 0.6458333328125 0.5416666671875 0.63055555625 0.54444444375 0.6319444437499999 0.5736111109375 0.65 0.590277778125 0.6763888890625 0.5875
3 0.6083333328125 0.6083333328125 0.6083333328125 0.590277778125 0.6 0.577777778125 0.5791666671875 0.5763888890625 0.565277778125 0.5930555562500001 0.565277778125 0.6166666671875001 0.577777778125 0.6375 0.6013888890625 0.625 0.6083333328125 0.6083333328125
3 0.72463055625 0.50003194375 0.7361111109375 0.49583333281249997 0.73941944375 0.4870916671875 0.7333333328125 0.47222222187499996 0.715277778125 0.45277777812500003 0.6972222218749999 0.4486111109375 0.684722221875 0.45416666718750004 0.681190278125 0.4723041671875 0.6941291671875 0.48431944375 0.7041666671875 0.4986111109375 0.72463055625 0.50003194375
3 0.7052208328125 0.51759305625 0.7006 0.50095694375 0.690277778125 0.4791666671875 0.672222221875 0.475 0.6569444437499999 0.4861111109375 0.6569444437499999 0.5041666671875 0.671947221875 0.5231388890625001 0.6904319437499999 0.53238194375 0.7052208328125 0.51759305625
3 0.6654763890625001 0.43348472187500003 0.66805555625 0.40833333281249995 0.6569444437499999 0.3986111109375 0.63055555625 0.40555555625000006 0.6138888890625 0.425 0.6125 0.447222221875 0.6291666671875 0.4583333328125 0.6580833328125 0.44642361093750005 0.6654763890625001 0.43348472187500003
3 0.790277778125 0.3518541671875 0.7893291671875 0.33828472187499997 0.7689958328125 0.3234958328125 0.74444444375 0.32407638906249997 0.734722221875 0.3351875 0.7361111109375 0.35602083281249997 0.7569444437499999 0.3685208328125 0.7819444437499999 0.3601875 0.790277778125 0.3518541671875
3 0.73194444375 0.40833333281249995 0.7291666671875 0.397222221875 0.709722221875 0.38333333281250004 0.6888888890625 0.38333333281250004 0.6708333328125 0.397222221875 0.675 0.41944444374999995 0.690277778125 0.425 0.712615278125 0.42054444375 0.73194444375 0.40833333281249995
3 0.5736111109375 0.3611111109375 0.5611111109375 0.3458333328125 0.534722221875 0.3458333328125 0.5166666671875 0.3583333328125 0.5208333328125 0.375 0.5453208328125 0.38819444375 0.5675041671875001 0.37525555625 0.5736111109375 0.3611111109375
3 0.5763888890625 0.41944444374999995 0.575 0.40555555625000006 0.5666666671875 0.3958333328125 0.5458333328125 0.397222221875 0.5319444437499999 0.40972222187499996 0.5263888890625 0.4263888890625 0.544397221875 0.43718194375 0.5666666671875 0.43194444374999996 0.5763888890625 0.41944444374999995
3 0.709722221875 0.325 0.7138888890625 0.302777778125 0.702777778125 0.29305555625 0.6888888890625 0.29444444375 0.6777777781250001 0.2986111109375 0.66944444375 0.3125 0.6708333328125 0.33055555625 0.6791666671875001 0.3361111109375 0.690277778125 0.334722221875 0.709722221875 0.325
3 0.825 0.25 0.829997221875 0.2393875 0.83055555625 0.22638888906250001 0.8222222218749999 0.2166666671875 0.80694444375 0.2138888890625 0.784722221875 0.222222221875 0.7791666671875 0.23472222187499997 0.7888888890625 0.252777778125 0.80694444375 0.25694444375000003 0.825 0.25
3 0.49583333281249997 0.04444444375 0.49444444374999996 0.03194444375 0.48194444374999995 0.026388889062499997 0.46805555625000006 0.027777778125000003 0.45 0.0486111109375 0.45 0.075 0.46306111093749996 0.0804125 0.47361111093749997 0.0791666671875 0.49583333281249997 0.04444444375
3 0.5111111109375 0.125 0.515277778125 0.10694444375 0.49583333281249997 0.090277778125 0.48333333281249996 0.0916666671875 0.4763888890625 0.1 0.47322777812499994 0.115534721875 0.47785 0.13494444375 0.497222221875 0.14444444375 0.5111111109375 0.125
3 0.4658333328125 0.10259444375 0.4625 0.08194444375 0.440277778125 0.07638888906249999 0.4288625 0.08780555625 0.42083333281249996 0.102777778125 0.42083333281249996 0.11805555625 0.43163611093750004 0.123852778125 0.45381805625 0.1210791671875 0.4658333328125 0.10259444375
3 0.33888888906250003 0.28611111093749997 0.3361111109375 0.25694444375000003 0.31805555625 0.24444444375000002 0.2958333328125 0.2541666671875 0.2916666671875 0.2708333328125 0.302777778125 0.2888888890625 0.3291666671875 0.29305555625 0.33888888906250003 0.28611111093749997
3 0.42083333281249996 0.23194444375 0.4166666671875 0.2166666671875 0.4 0.20972222187499998 0.384722221875 0.2138888890625 0.3763888890625 0.22777777812500002 0.377777778125 0.24722222187499998 0.3861111109375 0.2541666671875 0.40833333281249995 0.2513888890625 0.42083333281249996 0.23194444375
3 0.702777778125 0.06805555625000001 0.702777778125 0.0513888890625 0.6972222218749999 0.04305555625 0.6805555562500001 0.0375 0.66944444375 0.040277778125000004 0.665277778125 0.0486111109375 0.6654763890625001 0.067472221875 0.67471944375 0.083184721875 0.6944444437499999 0.08333333281250001 0.702777778125 0.06805555625000001
3 0.600777778125 0.09982222187499999 0.604475 0.08688194375 0.6026263890625 0.0693208328125 0.5875 0.052777778124999994 0.5736111109375 0.0513888890625 0.5625 0.061111110937500004 0.5625 0.08333333281250001 0.575 0.0986111109375 0.5833333328125 0.102777778125 0.600777778125 0.09982222187499999
3 0.7421916671875 0.0369708328125 0.7329486109375 0.0166375 0.7181611109375 0.00924305625 0.7079930562500001 0.00924305625 0.69305555625 0.0166666671875 0.6916666671875 0.0361111109375 0.7166666671875 0.058333332812500006 0.73941944375 0.05545694375 0.7421916671875 0.0369708328125
3 0.97695694375 0.636825 0.9861111109375 0.6291666671875 0.9888888890624999 0.60555555625 0.984722221875 0.5930555562500001 0.9736111109375001 0.5833333328125 0.965277778125 0.5833333328125 0.95555555625 0.5861111109375 0.94305555625 0.6 0.9436833328124999 0.61371805625 0.9520013890625 0.6312791671875 0.9640180562499999 0.6386736109375 0.97695694375 0.636825
3 0.41944444374999995 0.8680555562500001 0.434940278125 0.8671916671875 0.4443513890625 0.8631583328125 0.4477125 0.8214791671875 0.44166666718750003 0.8138888890624999 0.43225138906250005 0.8113958328124999 0.42083333281249996 0.8138888890624999 0.41141249999999996 0.8201347218749999 0.40694444374999994 0.827777778125 0.404690278125 0.83963055625 0.40555555625000006 0.85 0.41141249999999996 0.8618138890625 0.41944444374999995 0.8680555562500001
3 0.61403055625 0.739947221875 0.613290278125 0.7266152781249999 0.60351805625 0.7111111109375 0.57990694375 0.7111111109375 0.5673666671875 0.7229111109375 0.5604625000000001 0.7361111109375 0.5590736109375001 0.7611111109375 0.575740278125 0.7666666671875 0.5992166671875 0.7584638890625001 0.61403055625 0.739947221875