2 0.412556053125 0.16923076875 0.41704035937499995 0.19615384687499998 0.4394618828125 0.209615384375 0.45515695 0.209615384375 0.47309417031249995 0.1980769234375 0.4820627796875 0.15192307656249998 0.5044843046875 0.1384615390625 0.491031390625 0.096153846875 0.4394618828125 0.0769230765625 0.39686098593749997 0.0769230765625 0.3789237671875 0.0673076921875 0.3542600890625 0.078846153125 0.3340807171875 0.065384615625 0.29596412499999997 0.075 0.2914798203125 0.1 0.3340807171875 0.1423076921875 0.3677130046875 0.146153846875 0.412556053125 0.16923076875
2 0.41479820624999997 0.051923076562500003 0.41704035937499995 0.0326923078125 0.39237668124999997 0.003846153125 0.360986546875 0 0.349775784375 0.0115384609375 0.3475336328125 0.0384615390625 0.360986546875 0.055769231249999995 0.3789237671875 0.0615384609375 0.41479820624999997 0.051923076562500003
2 0.4820627796875 0 0.4887892375 0.0384615390625 0.5067264578125 0.051923076562500003 0.5493273546874999 0.0480769234375 0.55156950625 0.0326923078125 0.5358744390625 0 0.4820627796875 0
2 0.5941704031249999 0 0.5896860984375001 0.0230769234375 0.5695067265625 0.0480769234375 0.5672645734375 0.078846153125 0.59641255625 0.0826923078125 0.5986547078125 0.1115384609375 0.576233184375 0.134615384375 0.542600896875 0.134615384375 0.5336322874999999 0.1480769234375 0.5 0.159615384375 0.491031390625 0.1923076921875 0.502242153125 0.2076923078125 0.4439461890625 0.24230769218749998 0.4304932734375 0.26923076875 0.4699753359375 0.2979384609375 0.4247287 0.316715384375 0.42180941718750004 0.34300576875 0.43056726406249995 0.370546153125 0.42034977656250005 0.384315384375 0.42180941718750004 0.4093519234375 0.4506726453125 0.4173076921875 0.4506726453125 0.4076923078125 0.4641255609375 0.40384615312500005 0.46636771250000003 0.39423076875 0.4820627796875 0.39423076875 0.508968609375 0.4115384609375 0.507921525 0.4644326921875 0.52981614375 0.481959615625 0.5633856500000001 0.47319615312499996 0.582959640625 0.42115384687499996 0.6704035875 0.3769230765625 0.69955156875 0.31538461562500003 0.6838565015625 0.28076923125 0.7130044843750001 0.2576923078125 0.735426009375 0.253846153125 0.7331838562499999 0.20576923125 0.74439461875 0.18653846093749998 0.7197309421875 0.1480769234375 0.701793721875 0.1365384609375 0.6973094171875001 0.090384615625 0.68161435 0.06923076875 0.6883408078125 0.0365384609375 0.6636771296874999 0 0.5941704031249999 0
2 0.412556053125 0.6192307687499999 0.4394618828125 0.6192307687499999 0.5 0.590384615625 0.5134529140625 0.5307692312500001 0.5134529140625 0.478846153125 0.4955156953125 0.43461538437499997 0.47309417031249995 0.428846153125 0.446188340625 0.43461538437499997 0.45391928281249994 0.481959615625 0.40134529218750004 0.5269230765625 0.3991031390625 0.54423076875 0.41928251093749996 0.5673076921875 0.3991031390625 0.5942307687499999 0.412556053125 0.6192307687499999
2 0.4417040359375 0.4673076921875 0.4394618828125 0.43269230781249995 0.42600896875 0.43269230781249995 0.42376681562499996 0.4230769234375 0.40134529218750004 0.4230769234375 0.3901345296875 0.4365384609375 0.3856502234375 0.46923076874999997 0.40358744375000005 0.48269230781249994 0.434977578125 0.4769230765625 0.4417040359375 0.4673076921875
2 0.5605381171875 0.5942307687499999 0.565022421875 0.6173076921875 0.5838183859375 0.6309288468750001 0.621766815625 0.625921153125 0.6407421531249999 0.6572173078125 0.668161434375 0.653846153125 0.68161435 0.6384615390625 0.6771300453125 0.5846153843749999 0.6883408078125 0.5673076921875 0.6883408078125 0.54423076875 0.6704035875 0.5269230765625 0.6757713 0.481959615625 0.659192825 0.4615384609375 0.643661434375 0.45316730781250003 0.6232264578125 0.46193076875 0.5852780265625 0.439396153125 0.5531681609375 0.481959615625 0.565022421875 0.5134615390625 0.5605381171875 0.54423076875 0.5717488796875 0.55576923125 0.5717488796875 0.5769230765625 0.5605381171875 0.5942307687499999
2 0.508968609375 0.659615384375 0.5291479828125001 0.659615384375 0.553811659375 0.640384615625 0.542600896875 0.60576923125 0.5493273546874999 0.5673076921875 0.542600896875 0.559615384375 0.5201793718750001 0.5576923078125 0.5044843046875 0.5711538468749999 0.508968609375 0.6 0.49327354218749997 0.6230769234375 0.49327354218749997 0.646153846875 0.508968609375 0.659615384375
2 0.742152465625 0.5057692312500001 0.742152465625 0.4769230765625 0.7264573984375 0.4615384609375 0.6950672640625 0.459615384375 0.68161435 0.4769230765625 0.679372196875 0.49423076874999994 0.69955156875 0.5230769234375 0.72197309375 0.521153846875 0.742152465625 0.5057692312500001
2 0.7502062781250001 0.563328846875 0.7385313906250001 0.5420480765625 0.7062780265625 0.5403846156250001 0.6950672640625 0.5538461531250001 0.6950672640625 0.575 0.7062780265625 0.5923076921875 0.7399103140625 0.5942307687499999 0.7502062781250001 0.563328846875
2 0.5067264578125 0.8673076921874999 0.5313901343749999 0.8615384609375001 0.5739910312500001 0.8903846156249999 0.6322869953125 0.878846153125 0.690582959375 0.846153846875 0.6928251125 0.83076923125 0.656950671875 0.7730769234375 0.6319843046875 0.7661269234375 0.6071726453124999 0.787409615625 0.582959640625 0.76923076875 0.5672645734375 0.7557692312500001 0.5605381171875 0.7230769234375 0.5381165921875 0.7096153843749999 0.5179372203125 0.7076923078124999 0.5 0.715384615625 0.483109865625 0.73483076875 0.4933273546875 0.7711346156250001 0.4728923765625 0.7636230765625001 0.45515695 0.7730769234375 0.449540359375 0.79491923125 0.4714327359375 0.8074384609375 0.4843049328125 0.8519230765625 0.5067264578125 0.8673076921874999
2 0.6255605375 0.7230769234375 0.605381165625 0.6884615390625 0.587443946875 0.6865384609375 0.56278026875 0.70576923125 0.5605381171875 0.7269230765625 0.5739910312500001 0.7480769234375 0.605381165625 0.7442307687499999 0.6255605375 0.7230769234375
2 0.8408071749999999 0.746153846875 0.8340807171875 0.7192307687499999 0.8094170406250001 0.6961538468749999 0.7802690578125 0.7 0.7713004484375 0.7192307687499999 0.7690582953125 0.7480769234375 0.7847533624999999 0.765384615625 0.8026905828125 0.765384615625 0.8408071749999999 0.746153846875
2 0.394618834375 0.8134615390625 0.41928251093749996 0.7980769234375 0.41479820624999997 0.778846153125 0.38116591875 0.7634615390625 0.3295964125 0.7673076921875001 0.3161434984375 0.7769230765625 0.3139013453125 0.7980769234375 0.33632287031249997 0.815384615625 0.372197309375 0.8076923078125 0.394618834375 0.8134615390625
2 0.3654708515625 0.875 0.36995515625 0.8596153843750001 0.3520179375 0.8403846156249999 0.33632287031249997 0.8365384609375001 0.3139013453125 0.85 0.3139013453125 0.871153846875 0.3251121078125 0.8826923078125001 0.3520179375 0.8865384609375001 0.3654708515625 0.875
2 0.434977578125 0.853846153125 0.42376681562499996 0.8442307687499999 0.3991031390625 0.8423076921874999 0.38116591875 0.853846153125 0.3789237671875 0.8692307687499999 0.40134529218750004 0.8923076921875 0.43721973125 0.8807692312500001 0.434977578125 0.853846153125
2 0.47757847499999995 0.9826923078125 0.502242153125 0.9730769234375 0.5112107625 0.9461538468749999 0.4843049328125 0.9230769234375 0.41479820624999997 0.9230769234375 0.40134529218750004 0.925 0.38340807187500003 0.95 0.38116591875 0.9576923078125 0.40807174843749994 0.975 0.45515695 0.975 0.47757847499999995 0.9826923078125
2 0.627802690625 0.9769230765625 0.6031390140624999 0.959615384375 0.58520179375 0.959615384375 0.5605381171875 0.975 0.5605381171875 0.9980769234375 0.6255605375 0.9980769234375 0.63004484375 0.9923076921874999 0.627802690625 0.9769230765625
2 0.8094170406250001 0.9461538468749999 0.7914798203125 0.9269230765625001 0.7600896859375 0.9288461531250001 0.74439461875 0.9384615390625 0.74439461875 0.953846153125 0.77802690625 0.9826923078125 0.8071748875000001 0.9692307687499999 0.8094170406250001 0.9461538468749999
2 0.8408071749999999 0.296153846875 0.8385650218749999 0.26923076875 0.81838565 0.253846153125 0.7757847531250001 0.24807692343749999 0.7668161437500001 0.25576923125 0.7623318390625 0.31538461562500003 0.7825112109375 0.3384615390625 0.8049327359375 0.34423076875 0.8408071749999999 0.296153846875