3 0.2762052078125 0.4713640625 0.2896041671875 0.46909453125 0.303125 0.453125 0.3072916671875 0.43828125 0.303125 0.421875 0.2875 0.41171875 0.2666666671875 0.4109375 0.25243125 0.41754921874999995 0.24421875 0.43862109374999997 0.24854166718749998 0.45223671875000004 0.25761875 0.46455624999999995 0.2762052078125 0.4713640625
3 0.346875 0.43515625 0.3583333328125 0.42109375 0.3604166671875 0.4109375 0.35208333281250004 0.39453125 0.3322916671875 0.39140625 0.3166666671875 0.39765625 0.3094875 0.40652734375 0.30473333281250004 0.41560390625 0.309375 0.44296875 0.32850625 0.44413281250000003 0.346875 0.43515625
3 0.309375 0.4 0.3229166671875 0.3921875 0.33125 0.38125 0.3270833328125 0.36484375 0.30625 0.35703125 0.2875 0.3625 0.27291666718749996 0.37265625 0.2708333328125 0.38515625 0.2760416671875 0.39296875 0.290625 0.4015625 0.309375 0.4
3 0.42143958281250005 0.42079140625000006 0.43645833281249996 0.41875 0.43645833281249996 0.396875 0.4292197921875 0.3880484375 0.41979166718750005 0.38125 0.396875 0.37734375 0.38229166718749996 0.38828125 0.38229166718749996 0.4 0.39291145781250003 0.40976875 0.40371770781249994 0.418521875 0.42143958281250005 0.42079140625000006
3 0.4335427078125 0.45320937499999997 0.4447916671875 0.44296875 0.4479166671875 0.43046875 0.4413229171875 0.42143984375 0.4032854171875 0.42370859375 0.3924791671875 0.430840625 0.3875 0.43828125 0.3864583328125 0.44765625 0.3958333328125 0.45390625 0.4240333328125 0.4577484375 0.4335427078125 0.45320937499999997
3 0.5208333328125 0.47421875 0.5260416671875 0.4703125 0.53125 0.45859375 0.5291666671875 0.4515625 0.5273395828125 0.44380859375000004 0.5125 0.43515625 0.49665 0.43537968749999995 0.48368333281250003 0.4389453125 0.475 0.4484375 0.47892812500000004 0.46098984375 0.4862760421875 0.46779765624999997 0.5072916671875001 0.47421875 0.5208333328125 0.47421875
3 0.6053708328125 0.4396640625 0.614946875 0.43854218749999996 0.6230260421875 0.43270703125 0.6270833328125 0.42734375 0.6293104171875 0.41834296875000004 0.628125 0.41171875 0.6260416671875 0.40546875 0.61875 0.3984375 0.603125 0.39453125 0.5927083328125 0.39921875 0.5885416671875 0.40703125 0.5892114578125 0.4205875 0.5913062499999999 0.42889140625 0.5963937500000001 0.434053125 0.6053708328125 0.4396640625
3 0.50379375 0.9530664062499999 0.50958125 0.95466484375 0.5196322921875 0.9560359375 0.5239583328124999 0.9546875 0.5302083328125 0.9484375 0.5322916671875 0.94296875 0.53125 0.93125 0.5291666671875 0.92421875 0.5260416671875 0.91953125 0.51875 0.9140625 0.5145833328125 0.9125 0.5083333328124999 0.9125 0.5041666671875 0.915625 0.503125 0.91875 0.496875 0.92421875 0.4947916671875 0.92734375 0.49678854218749996 0.93981640625 0.49800625 0.9471265624999999 0.50379375 0.9530664062499999
3 0.446875 0.86953125 0.45416666718750004 0.8671875 0.46666666718750005 0.85859375 0.47083333281249995 0.85 0.47083333281249995 0.8421875 0.46875 0.8375 0.459375 0.83046875 0.44895833281249997 0.83046875 0.4447916671875 0.83203125 0.4375 0.8375 0.4322916671875 0.8453125 0.4322916671875 0.8484375 0.433303125 0.8560718749999999 0.4375 0.865625 0.446875 0.86953125
3 0.47083333281249995 0.79296875 0.478125 0.796875 0.484375 0.796875 0.4895833328125 0.79375 0.4916666671875 0.79375 0.5012229171875 0.7865015625 0.5065677078124999 0.7796624999999999 0.5072916671875001 0.7703125 0.5 0.76171875 0.4947916671875 0.759375 0.48541666718750004 0.759375 0.48020833281249997 0.76171875 0.47291666718750003 0.76640625 0.46875 0.771875 0.46770833281249996 0.775 0.46770833281249996 0.78671875 0.46875 0.78984375 0.47083333281249995 0.79296875
3 0.5854166671875001 0.7734375 0.5895833328125 0.77578125 0.5947916671875 0.7765625 0.5989583328125 0.77578125 0.603125 0.7703125 0.603125 0.76796875 0.6072916671875 0.759375 0.6010416671875001 0.74375 0.5916666671875 0.7375 0.5822916671875 0.7359375 0.58125 0.73671875 0.575 0.73671875 0.571875 0.7390625 0.56875 0.74453125 0.56875 0.74921875 0.5710291671875 0.7586734374999999 0.577003125 0.76645546875 0.5854166671875001 0.7734375
3 0.7208333328125 0.715625 0.7270833328124999 0.71875 0.7361114578125 0.7166953125 0.7379989578124999 0.71245 0.7389416671875 0.71079921875 0.7389416671875 0.7051390625 0.7385416671875 0.7 0.734375 0.6921875 0.728125 0.68671875 0.7208333328125 0.684375 0.7125 0.68515625 0.709375 0.6875 0.7072916671875 0.69140625 0.7065541671875 0.6985359375 0.7087552078125 0.7051390625 0.7177083328125 0.7140625 0.7208333328125 0.715625