3 0.41498125 0.2460440671875 0.421875 0.2372881359375 0.4265625 0.2084745765625 0.428125 0.15423728750000001 0.41953125 0.1152542375 0.40390625 0.1050847453125 0.39375 0.128813559375 0.38984375 0.159322034375 0.3890625 0.1898305078125 0.396875 0.23220338906250002 0.40570234374999997 0.2438067796875 0.41498125 0.2460440671875
3 0.35078125 0.3220338984375 0.36446171875 0.30419999999999997 0.36953125 0.2847457625 0.37425625 0.2605830515625 0.3734375 0.23220338906250002 0.3671875 0.21864406718749999 0.353125 0.21864406718749999 0.33671875 0.2389830515625 0.3265625 0.2610169484375 0.3203125 0.286440678125 0.31953125 0.3084745765625 0.325 0.3186440671875 0.33359375 0.32711864375 0.35078125 0.3220338984375
3 0.39140625 0.44067796562500006 0.39765625 0.4152542375 0.403125 0.3677966109375 0.40234375 0.3372881359375 0.3984375 0.3322033890625 0.38125 0.3372881359375 0.36953125 0.3644067796875 0.3640625 0.3898305078125 0.36484375 0.4322033890625 0.371875 0.4508474578125 0.38203125 0.45762711874999995 0.39140625 0.44067796562500006
3 0.4453125 0.33898305156249997 0.45625 0.3101694921875 0.459375 0.26779661093749996 0.4546875 0.255932203125 0.43828125 0.2610169484375 0.425 0.2915254234375 0.4203125 0.313559321875 0.42109375 0.33389830468750004 0.43125 0.35593220312499996 0.4453125 0.33898305156249997
3 0.19921875 0.54237288125 0.21084140625 0.5222847453125 0.21875 0.48644067812499997 0.22321328125 0.46077288125000004 0.22166718749999997 0.42386779687500004 0.2125 0.41355932187500005 0.1953125 0.42711864374999997 0.18046875 0.4627118640625 0.17421875 0.4932203390625 0.1734375 0.540677965625 0.1765625 0.5576271187499999 0.18828125 0.5593220343749999 0.19921875 0.54237288125
3 0.31015625 0.6372881359375 0.32109375 0.6186440671875 0.32734375 0.5932203390625 0.32734375 0.5389830515625 0.3234375 0.5186440671875 0.31484375 0.5084745765625 0.3046875 0.51186440625 0.3 0.525423728125 0.295384375 0.5659016953125 0.3 0.6220338984375 0.30625 0.6372881359375 0.31015625 0.6372881359375
3 0.27940546875 0.7186440671875001 0.28487421875 0.6932203390625 0.28352734375 0.6453067796874999 0.27706171875 0.616949153125 0.26456171875 0.6135593218750001 0.25674921875 0.6322033890625 0.25440546875000003 0.6491525421875 0.24893671875 0.7169491531250001 0.25831171875000003 0.7338983046875 0.27003046875000003 0.7338983046875 0.27940546875 0.7186440671875001
3 0.23828125 0.8067796609375 0.24296875 0.7813559328124999 0.24375 0.7474576265625 0.23764765625 0.733659321875 0.2355859375 0.7213576265625 0.2296875 0.7067796609375 0.2203125 0.7067796609375 0.21290312500000003 0.7459610171875 0.21084140625 0.777276271875 0.21953125 0.8186440671874999 0.228125 0.8203389828125 0.23828125 0.8067796609375
3 0.175 0.81186440625 0.1859375 0.798305084375 0.20234375 0.7542372875 0.203125 0.7169491531250001 0.19765625 0.701694915625 0.18046875 0.70338983125 0.16875 0.7220338984375 0.15546875 0.75762711875 0.15390625 0.7779661015625 0.15859375 0.80338983125 0.165625 0.81186440625 0.175 0.81186440625
3 0.5921875 0.598305084375 0.6 0.5627118640625 0.6015625 0.52711864375 0.59921875 0.5050847453125 0.5953125 0.501694915625 0.578125 0.5152542375 0.5609375 0.555932203125 0.56015625 0.616949153125 0.565625 0.6237288140625 0.58125 0.6203389828125 0.5921875 0.598305084375
3 0.654690625 0.5692559328125 0.6661406249999999 0.535559321875 0.663796875 0.505050846875 0.65108203125 0.50327288125 0.634109375 0.5152203390625 0.624734375 0.5270847453124999 0.612234375 0.5592881359375 0.613015625 0.577932203125 0.628915625 0.591623728125 0.63716328125 0.5905067796875 0.654690625 0.5692559328125
3 0.57890625 0.47288135625 0.58125 0.4508474578125 0.57890625 0.4 0.5640625 0.3661016953125 0.55703125 0.36949152500000004 0.55078125 0.38474576250000003 0.54921875 0.42033898281250004 0.55546875 0.4525423734375 0.5640625 0.47118644062500004 0.57890625 0.47288135625
3 0.67265625 0.45932203437499997 0.6875 0.416949153125 0.69140625 0.3610169484375 0.6875 0.3474576265625 0.68359375 0.34237288125 0.66953125 0.3457627125 0.65234375 0.3796610171875 0.64453125 0.416949153125 0.64375 0.4457627125 0.646875 0.4677966109375 0.6578125 0.47288135625 0.67265625 0.45932203437499997
3 0.365625 0.174576271875 0.38125 0.1525423734375 0.390625 0.128813559375 0.39921875 0.083050846875 0.39921875 0.059322034375 0.3953125 0.0322033890625 0.390625 0.0186440671875 0.384375 0.0152542375 0.36171875 0.0322033890625 0.35234375 0.0525423734375 0.346875 0.0762711859375 0.34296875 0.10169491562499999 0.346875 0.15762711875 0.3515625 0.1677966109375 0.365625 0.174576271875
3 0.1875 0.4186440671875 0.19140625 0.3949152546875 0.19140625 0.36949152500000004 0.1859375 0.3491525421875 0.1796875 0.34067796562499997 0.17265625 0.34067796562499997 0.15546875 0.36949152500000004 0.1484375 0.401694915625 0.14765625 0.42033898281250004 0.15546875 0.43728813593750004 0.17421875 0.44067796562500006 0.1875 0.4186440671875
3 0.0859375 0.325423728125 0.09691484375000001 0.2896610171875 0.10052343749999999 0.279594915625 0.09921875 0.2474576265625 0.0953125 0.23559322031250002 0.078125 0.2389830515625 0.06640625 0.2491525421875 0.0453125 0.28305084687500004 0.0359375 0.3186440671875 0.0375 0.3322033890625 0.05859375 0.3474576265625 0.0721703125 0.3343966109375 0.0859375 0.325423728125
3 0.7625 0.728813559375 0.76640625 0.7084745765625 0.76640625 0.674576271875 0.759375 0.6389830515625 0.7484375 0.6322033890625 0.7390625 0.64237288125 0.73359375 0.6542372875 0.73046875 0.6813559328125 0.73046875 0.7152542375000001 0.73671875 0.7457627125 0.7484375 0.7525423734375 0.7625 0.728813559375
3 0.784375 0.40677966093749995 0.7984375 0.37288135625 0.80078125 0.325423728125 0.7984375 0.3186440671875 0.784375 0.316949153125 0.775 0.33050847499999997 0.7703125 0.3474576265625 0.76640625 0.3677966109375 0.76875 0.3932203390625 0.7734375 0.4050847453125 0.784375 0.40677966093749995
3 0.6479890625 0.2069 0.65625 0.19491525468749998 0.66484375 0.169491525 0.65859375 0.144067796875 0.640625 0.128813559375 0.60625 0.1355932203125 0.59453125 0.155932203125 0.590625 0.16610169531250002 0.60234375 0.1915254234375 0.626853125 0.2136118640625 0.6479890625 0.2069
3 0.7139734375 0.1118389828125 0.71953125 0.0898305078125 0.721875 0.049152542187499995 0.71171875 0.040677965625 0.69609375 0.045762712500000004 0.6875 0.0627118640625 0.68515625 0.0796610171875 0.684375 0.09491525468749999 0.68828125 0.11864406718750001 0.7046875 0.128813559375 0.7139734375 0.1118389828125
3 0.95904375 0.92463559375 0.9628937499999999 0.9037525421874999 0.9640492187499999 0.8795305078125001 0.9617390625000001 0.8502966109375001 0.953125 0.8288135593750001 0.94375 0.8220338984375 0.93359375 0.8406779656250001 0.9328125 0.871186440625 0.93863828125 0.8945661015624999 0.94903359375 0.9162830515625 0.95904375 0.92463559375
3 0.478125 0.50338983125 0.48203125 0.5084745765625 0.490625 0.498305084375 0.50078125 0.47288135625 0.5042117187499999 0.44945084687500003 0.503125 0.4152542375 0.4984375 0.398305084375 0.48984375 0.38813559375 0.48203125 0.4 0.4765625 0.42711864374999997 0.48105703125000004 0.4520932203125 0.4792296875 0.46333050781249996 0.4734375 0.47796610156249997 0.478125 0.50338983125