2 0.8740822921875001 0.9497289062500001 0.8791666671874999 0.9453125 0.8829968750000001 0.93561484375 0.8802083328125001 0.92734375 0.859375 0.921875 0.8510416671875 0.92421875 0.8479166671874999 0.92890625 0.8463489578125 0.9378437500000001 0.8572447921874999 0.9497289062500001 0.8656635421875001 0.9534429687499999 0.8740822921875001 0.9497289062500001
2 0.8520833328125 0.9703125 0.85 0.96015625 0.8395833328125001 0.95390625 0.8229166671874999 0.959375 0.821875 0.96640625 0.8260447921875 0.9734999999999999 0.8389208328125 0.9764710937500001 0.8520833328125 0.9703125
2 0.8614583328125001 0.39140625 0.8583333328125 0.38046875 0.8520833328125 0.37578125 0.8385416671874999 0.375 0.8302083328125001 0.3625 0.809375 0.3625 0.809375 0.36640625 0.8197916671875 0.375 0.8389104171874999 0.38079375 0.8614583328125001 0.39140625
2 0.6322916671875001 0.3296875 0.6322916671875001 0.32578125 0.6208333328125 0.3171875 0.6072916671875 0.31640625 0.5989583328125 0.31953125 0.6010416671875001 0.33046875 0.6104166671875 0.33515625 0.6229166671875 0.3359375 0.6322916671875001 0.3296875
2 0.59375 0.30625 0.584375 0.303125 0.566571875 0.30997265625 0.5569927078125 0.29970859375000003 0.5426229171875 0.29919531250000003 0.5291666671875 0.30390625 0.5270833328125 0.309375 0.5302083328125 0.3140625 0.6010416671875001 0.32265625 0.59375 0.30625
2 0.6614583328125 0.33046875 0.6552083328125 0.31875 0.6385416671875 0.31875 0.6364583328125 0.32578125 0.64805625 0.32547734375 0.6550958328125 0.32827265625 0.6614583328125 0.33046875
2 0.515221875 0.33159921875 0.5182177078125 0.3235109375 0.5114583328125 0.315625 0.503125 0.31328125 0.4875 0.315625 0.4770833328125 0.32421875 0.48167187499999997 0.33878828125 0.4978479171875 0.33923749999999997 0.5104291671875 0.33788984375000003 0.515221875 0.33159921875
2 0.4547135421875 0.33115 0.47083333281249995 0.328125 0.47083333281249995 0.3171875 0.4614583328125 0.30625 0.4295510421875 0.30868359375 0.41696979218749997 0.308234375 0.40729166718750004 0.3140625 0.409375 0.3234375 0.41875 0.328125 0.42715520781249994 0.32530859375 0.4547135421875 0.33115
2 0.38333333281250004 0.30625 0.3770833328125 0.2953125 0.365625 0.2890625 0.3479166671875 0.290625 0.3395833328125 0.29921875 0.340625 0.30859375 0.35208333281250004 0.31328125 0.3708333328125 0.3125 0.38333333281250004 0.30625
2 0.2989583328125 0.33671875 0.3104166671875 0.3296875 0.31033125 0.3235109375 0.3145833328125 0.31796875 0.312128125 0.3136265625 0.3061375 0.30868359375 0.2833333328125 0.30625 0.27198958281249996 0.31182890625000004 0.2708333328125 0.321875 0.2809760421875 0.324859375 0.2854166671875 0.3359375 0.2989583328125 0.33671875
2 0.3270833328125 0.303125 0.3177083328125 0.2953125 0.309375 0.2953125 0.3020833328125 0.3 0.3010416671875 0.30390625 0.30520833281250004 0.30625 0.3229166671875 0.30625 0.3270833328125 0.303125
2 0.24375 0.3296875 0.24375 0.32578125 0.2260416671875 0.315625 0.2114583328125 0.315625 0.20625 0.31875 0.203125 0.33046875 0.215625 0.33828125 0.2322916671875 0.33828125 0.24375 0.3296875
2 0.196875 0.3265625 0.1697916671875 0.325 0.159359375 0.3320484375 0.1665479171875 0.33878828125 0.1854166671875 0.34140625 0.192309375 0.3360921875 0.196875 0.3265625
2 0.50625 0.4625 0.49895833281249996 0.4515625 0.48645833281249995 0.446875 0.4760416671875 0.4484375 0.46666666718750005 0.45625 0.46770833281249996 0.4671875 0.4875 0.47578125 0.5010416671875 0.4703125 0.50625 0.4625
2 0.3302083328125 0.57890625 0.33125 0.56796875 0.31875 0.5578125 0.3020833328125 0.55859375 0.2958333328125 0.56640625 0.2958333328125 0.575 0.309375 0.58671875 0.31875 0.58671875 0.3302083328125 0.57890625
2 0.30625 0.5953125 0.3010416671875 0.58671875 0.2875 0.58046875 0.2822916671875 0.58046875 0.271875 0.58828125 0.271875 0.59609375 0.2854166671875 0.60625 0.3010416671875 0.603125 0.30625 0.5953125
2 0.28125 0.6265625 0.284375 0.61640625 0.2791666671875 0.60859375 0.2635416671875 0.603125 0.2520833328125 0.61171875 0.2510416671875 0.61953125 0.25729166718749996 0.62734375 0.27291666718749996 0.63125 0.28125 0.6265625
2 0.2803760421875 0.6879109375 0.2875 0.68203125 0.2893625 0.67398203125 0.284375 0.66875 0.2677083328125 0.66875 0.2614583328125 0.6734375 0.2604166671875 0.68359375 0.2677083328125 0.6921875 0.27395833281250004 0.69296875 0.2803760421875 0.6879109375
2 0.2114583328125 0.728125 0.209375 0.71640625 0.19479166718750002 0.71484375 0.1864583328125 0.71875 0.1854166671875 0.728125 0.1916666671875 0.73671875 0.20416666718749998 0.734375 0.2114583328125 0.728125
2 0.1455802078125 0.74811953125 0.15336875 0.75126484375 0.16115625 0.74856953125 0.17253958281249998 0.7395828125 0.1708333328125 0.73203125 0.1625 0.728125 0.153125 0.72890625 0.1447916671875 0.7328125 0.1427083328125 0.7375 0.1395895828125 0.7422789062499999 0.12521041718749998 0.74048125 0.1125 0.74765625 0.11322916718750001 0.7580046874999999 0.115625 0.763396875 0.14018854218750001 0.7580046874999999 0.1455802078125 0.74811953125
2 0.08541666718749999 0.7 0.08645833281250001 0.6890625 0.075 0.68125 0.059375 0.68359375 0.053125 0.68828125 0.05208333281250001 0.69921875 0.059375 0.70546875 0.075 0.70546875 0.08541666718749999 0.7
2 0.421875 0.67109375 0.4114583328125 0.6671875 0.4 0.67109375 0.3947916671875 0.67734375 0.39899687500000003 0.68836015625 0.41217708281250004 0.68836015625 0.4229614578125 0.68206953125 0.421875 0.67109375
2 0.46458333281249997 0.665625 0.46458333281249997 0.6484375 0.4458333328125 0.646875 0.4375 0.6515625 0.43645833281249996 0.665625 0.4463260421875 0.6712859375 0.4547135421875 0.67173515625 0.46458333281249997 0.665625
2 0.5645833328125 0.553125 0.5645833328125 0.5453125 0.5541666671875001 0.5375 0.54375 0.53671875 0.534375 0.5453125 0.534375 0.55390625 0.5447916671875 0.56171875 0.5552083328124999 0.56015625 0.5645833328125 0.553125