3 0.1171428578125 0.34857142812499997 0.1371428578125 0.34857142812499997 0.1542857140625 0.33142857187499997 0.15714285781249998 0.3257142859375 0.16 0.3171428578125 0.16 0.3057142859375 0.1628571421875 0.30285714218750004 0.16 0.27999999999999997 0.148571428125 0.2657142859375 0.148571428125 0.2628571421875 0.1428571421875 0.2571428578125 0.1342857140625 0.2542857140625 0.1257142859375 0.2542857140625 0.10857142812500001 0.2628571421875 0.10857142812500001 0.2657142859375 0.1028571421875 0.27142857187499997 0.1 0.27714285781250003 0.1 0.3257142859375 0.10571428593750001 0.33714285781250003 0.1171428578125 0.34857142812499997
3 0.1542857140625 0.4142857140625 0.16 0.4171428578125 0.171428571875 0.4171428578125 0.19714285781250002 0.40571428593750003 0.2028571421875 0.4 0.208571428125 0.3857142859375 0.208571428125 0.3542857140625 0.19714285781250002 0.3428571421875 0.1857142859375 0.33714285781250003 0.171428571875 0.33714285781250003 0.16 0.3428571421875 0.16 0.34571428593750003 0.1542857140625 0.34857142812499997 0.151428571875 0.3571428578125 0.1457142859375 0.3628571421875 0.1428571421875 0.371428571875 0.1428571421875 0.3942857140625 0.148571428125 0.40857142812499997 0.1542857140625 0.4142857140625
3 0.1275742859375 0.5391171421875 0.1307771421875 0.5444542859375 0.1428571421875 0.551428571875 0.1542857140625 0.551428571875 0.16857142812499998 0.5457142859374999 0.18 0.531428571875 0.1828571421875 0.5228571421875 0.1828571421875 0.511428571875 0.1857142859375 0.508571428125 0.1857142859375 0.4828571421875 0.18 0.47142857187500004 0.171428571875 0.46571428593749997 0.1628571421875 0.46571428593749997 0.16 0.46285714218749996 0.1428571421875 0.46571428593749997 0.128571428125 0.4771428578125 0.12285714218749999 0.49142857187500005 0.12285714218749999 0.5028571421875 0.12 0.5057142859375 0.12 0.5228571421875 0.1275742859375 0.5391171421875
3 0.178488571875 0.648511428125 0.1952571421875 0.6506742859375 0.20769714218750002 0.6431028578125 0.216891428125 0.623631428125 0.22000000000000003 0.5857142859375 0.2141857140625 0.5706257140625 0.20661428593750003 0.562511428125 0.188571428125 0.5599999999999999 0.1857142859375 0.5628571421874999 0.1771428578125 0.5628571421874999 0.16857142812499998 0.5714285718750001 0.1628571421875 0.5857142859375 0.16 0.5942857140625 0.16 0.6142857140625 0.16857142812499998 0.6342857140625 0.178488571875 0.648511428125
3 0.3624171421875 0.730988571875 0.368131428125 0.7367028578125 0.3738457140625 0.73956 0.388131428125 0.73956 0.3967028578125 0.730988571875 0.40813142812500003 0.710988571875 0.40813142812500003 0.6738457140625 0.388131428125 0.6567028578125 0.3767028578125 0.6567028578125 0.3567028578125 0.6738457140625 0.350988571875 0.6852742859375 0.3529057140625 0.7033942859375 0.3538457140625 0.7138457140625001 0.3624171421875 0.730988571875
3 0.4542857140625 0.708571428125 0.47142857187500004 0.7171428578125 0.48857142812500004 0.7142857140625 0.49941714218750005 0.71226 0.508571428125 0.6942857140625 0.50702 0.6453657140625 0.4902971421875 0.6408057140625 0.47142857187500004 0.6371428578125 0.4571428578125 0.6371428578125 0.448571428125 0.64 0.44571428593749995 0.6457142859375 0.44571428593749995 0.6599999999999999 0.44285714218749994 0.6628571421875 0.44285714218749994 0.6828571421875 0.4542857140625 0.708571428125
3 0.6557828578125 0.478191428125 0.6849971421875 0.4566657140625 0.6914285718750001 0.4342857140625 0.6799999999999999 0.4 0.6457142859375 0.3857142859375 0.5971428578125 0.411428571875 0.58736 0.4374457140625 0.5885714281250001 0.4542857140625 0.6142857140625 0.4828571421875 0.6557828578125 0.478191428125
3 0.62 0.5371428578125 0.631428571875 0.551428571875 0.6457142859375 0.5571428578125001 0.6657142859375 0.5542857140625 0.6828571421875 0.5457142859374999 0.7028571421875001 0.5257142859374999 0.708571428125 0.511428571875 0.708571428125 0.4971428578125 0.7028571421875001 0.4828571421875 0.7 0.4771428578125 0.688571428125 0.468571428125 0.671428571875 0.468571428125 0.6428571421875 0.4828571421875 0.6342857140625 0.4828571421875 0.628571428125 0.4857142859375 0.628571428125 0.49142857187500005 0.62 0.5 0.6171428578125 0.5 0.6171428578125 0.5142857140625 0.6142857140625 0.5171428578125 0.6142857140625 0.5228571421875 0.62 0.5371428578125
3 0.72 0.508571428125 0.7228571421875001 0.511428571875 0.751428571875 0.511428571875 0.771428571875 0.5028571421875 0.7828571421875 0.48857142812500004 0.7828571421875 0.47428571406250003 0.7742857140625 0.44000000000000006 0.76 0.428571428125 0.751428571875 0.428571428125 0.7428571421875 0.42285714218750003 0.731428571875 0.42285714218750003 0.72 0.4342857140625 0.7171428578125 0.4342857140625 0.7 0.451428571875 0.7 0.4771428578125 0.711428571875 0.508571428125 0.72 0.508571428125
3 0.5051628578125 0.43582285781249996 0.5051628578125 0.450108571875 0.5080199999999999 0.4558228578125 0.519448571875 0.4643942859375 0.5394485718750001 0.4643942859375 0.5451628578125 0.4615371421875 0.5708771421875001 0.43296571406249995 0.576591428125 0.41868 0.576591428125 0.4043942859375 0.5737342859375001 0.39868000000000003 0.5651628578125 0.39010857187500003 0.54802 0.38439428593749997 0.5280199999999999 0.38439428593749997 0.5220142859375 0.39054857187500003 0.51048 0.4074628578125 0.5051628578125 0.4243942859375 0.5023057140625 0.42725142812500005 0.5023057140625 0.43296571406249995 0.5051628578125 0.43582285781249996
3 0.4371428578125 0.5657142859375 0.44571428593749995 0.5771428578125 0.46571428593749997 0.5828571421875 0.4828571421875 0.5742857140625001 0.4971428578125 0.5571428578125001 0.5028571421875 0.5428571421874999 0.5028571421875 0.511428571875 0.5 0.5057142859375 0.4857142859375 0.4942857140625 0.468571428125 0.4942857140625 0.4542857140625 0.5 0.448571428125 0.5057142859375 0.4371428578125 0.531428571875 0.4371428578125 0.5428571421874999 0.4342857140625 0.5457142859374999 0.4342857140625 0.5599999999999999 0.4371428578125 0.5657142859375
3 0.5714285718750001 0.7257142859375 0.5828571421875 0.731428571875 0.6057142859375 0.7257142859375 0.608571428125 0.72 0.62 0.708571428125 0.6257142859375 0.6942857140625 0.631428571875 0.688571428125 0.631428571875 0.6657142859375 0.628571428125 0.6599999999999999 0.6142857140625 0.6457142859375 0.608571428125 0.6428571421875 0.58 0.6457142859375 0.5742857140625001 0.651428571875 0.5628571421874999 0.6742857140625 0.5599999999999999 0.6828571421875 0.5599999999999999 0.7057142859375001 0.5628571421874999 0.7142857140625 0.5714285718750001 0.7257142859375
3 0.63582 0.6608028578125 0.6567742859375 0.6720857140625001 0.6857857140625 0.67128 0.6914285718750001 0.6599999999999999 0.6942857140625 0.651428571875 0.6942857140625 0.631428571875 0.6857142859375001 0.611428571875 0.671428571875 0.5942857140625 0.6657142859375 0.5914285718750001 0.6571428578125 0.5914285718750001 0.6542857140625 0.5885714281250001 0.64 0.5885714281250001 0.6257142859375 0.5942857140625 0.62 0.6 0.6142857140625 0.611428571875 0.611428571875 0.62 0.6142857140625 0.6257142859375 0.614868571875 0.6414628578125 0.63582 0.6608028578125
3 0.3 0.2057142859375 0.3228571421875 0.1942857140625 0.33999999999999997 0.18 0.34857142812499997 0.1628571421875 0.34857142812499997 0.1371428578125 0.33714285781250003 0.12285714218749999 0.3228571421875 0.1171428578125 0.3171428578125 0.1171428578125 0.308571428125 0.12 0.30285714218750004 0.1257142859375 0.29428571406250004 0.128571428125 0.28571428593750003 0.1371428578125 0.2788257140625 0.155531428125 0.2747971421875 0.1684228578125 0.268571428125 0.1771428578125 0.2971428578125 0.2057142859375 0.3 0.2057142859375
3 0.2228571421875 0.24 0.2342857140625 0.24571428593750003 0.2428571421875 0.24571428593750003 0.24571428593750003 0.248571428125 0.248571428125 0.24571428593750003 0.26 0.24571428593750003 0.27714285781250003 0.24 0.288571428125 0.2257142859375 0.291428571875 0.22000000000000003 0.291428571875 0.2028571421875 0.27714285781250003 0.1857142859375 0.2628571421875 0.18 0.26 0.1828571421875 0.2428571421875 0.1828571421875 0.2342857140625 0.1857142859375 0.22857142812500003 0.191428571875 0.2257142859375 0.2 0.2142857140625 0.208571428125 0.2142857140625 0.22857142812500003 0.2228571421875 0.24