3 0.275 0.4453703703125 0.2824074078125 0.43518518593750005 0.28055555625 0.41851851875 0.2638888890625 0.41111111093749997 0.246296296875 0.4129629625 0.234259259375 0.4268518515625 0.23522314843749997 0.43933796249999996 0.24941296249999997 0.4480703703125 0.26469444375 0.4486166671875 0.275 0.4453703703125
3 0.27369351875 0.48703703750000005 0.27369351875 0.47407407343749997 0.2699898140625 0.4675925921875 0.252397221875 0.459259259375 0.23295277812499998 0.4620370375 0.2153601859375 0.47407407343749997 0.214434259375 0.5 0.2379518515625 0.5053759265625 0.2625824078125 0.5 0.27369351875 0.48703703750000005
3 0.331277778125 0.5310259265624999 0.34055555625 0.5293888890625 0.3492879625 0.514653703125 0.3490740734375 0.4990740734375 0.34351851875 0.48425925937500003 0.3351851859375 0.47592592656250005 0.325 0.47407407343749997 0.315740740625 0.47592592656250005 0.30648148124999997 0.48981481406249994 0.309259259375 0.50648148125 0.31545 0.5151990734375 0.32090833281250003 0.5212027781249999 0.331277778125 0.5310259265624999
3 0.2859796296875 0.543578703125 0.296296296875 0.5324074078125001 0.2925925921875 0.5203703703125 0.2870370375 0.515740740625 0.26944444375 0.5138888890625 0.2546296296875 0.521296296875 0.24351851875000002 0.5398148140625 0.24259259218749998 0.5490740734374999 0.2559620375 0.5583148140625 0.2777925921875 0.55613148125 0.2859796296875 0.543578703125
3 0.45079907343750003 0.51901944375 0.4573481484375 0.5075583328125 0.459259259375 0.48981481406249994 0.4481481484375 0.4796296296875 0.434259259375 0.4796296296875 0.41944444374999995 0.4916666671875 0.4129629625 0.503703703125 0.4129629625 0.51851851875 0.41944444374999995 0.534259259375 0.434259259375 0.5314814812499999 0.45079907343750003 0.51901944375
3 0.49555185156250003 0.5048296296875 0.502646296875 0.4846361109375 0.5031925921875 0.4748129625 0.497222221875 0.4574074078125 0.48148148125 0.4481481484375 0.47222222187499996 0.44907407343749994 0.4620370375 0.4583333328125 0.4601851859375 0.4768518515625 0.4726296296875 0.49609722187500005 0.489002778125 0.502646296875 0.49555185156250003 0.5048296296875
3 0.50648148125 0.5555555562500001 0.5148148140625 0.55 0.5101851859375001 0.5333333328125 0.497222221875 0.5203703703125 0.4731481484375 0.5148148140625 0.46481481406249997 0.5203703703125 0.4620370375 0.5268518515625 0.46666666718750005 0.546296296875 0.48518518593750004 0.5583333328125 0.49718888906250003 0.55940555625 0.50648148125 0.5555555562500001
3 0.4601851859375 0.5916666671875 0.47407407343749997 0.597222221875 0.482453703125 0.597609259375 0.490740740625 0.5925925921874999 0.4944601859375 0.5877851859375001 0.4916666671875 0.575 0.48055555625 0.5555555562500001 0.46296296249999996 0.5490740734374999 0.4509259265625 0.559259259375 0.44629629687500005 0.5638888890625 0.447222221875 0.5722222218749999 0.45352777812499995 0.58505648125 0.4601851859375 0.5916666671875
3 0.42592592656250006 0.48333333281249996 0.42222222187499997 0.4675925921875 0.415740740625 0.4611111109375 0.39444444375 0.46666666718750005 0.38421666718749997 0.48027037031250003 0.3796296296875 0.497222221875 0.3888888890625 0.5083333328124999 0.41203703750000004 0.5046296296875 0.42592592656250006 0.48333333281249996
3 0.43715555625 0.4420666671875 0.4524370375 0.4262398140625 0.455721296875 0.404084259375 0.4446101859375 0.392047221875 0.4325731484375 0.39389907343749997 0.41683240781249997 0.404084259375 0.412202778125 0.422602778125 0.41405462968749995 0.43371388906249997 0.4191453703125 0.4426129625 0.43715555625 0.4420666671875
3 0.5555851859375001 0.389127778125 0.5604972218750001 0.3776675921875 0.5735953703125001 0.389127778125 0.590740740625 0.3925925921875 0.6046296296875 0.3796296296875 0.603703703125 0.35925925937500003 0.5888768515625 0.3525620375 0.5735953703125001 0.3514703703125 0.5615888890625 0.3618398140625 0.55648148125 0.35555555625 0.5314814812499999 0.352777778125 0.5120370375000001 0.35925925937500003 0.5111111109375 0.36944444375 0.5166666671875 0.38240740781250004 0.5324074078125001 0.3925925921875 0.5555851859375001 0.389127778125
3 0.5416666671875 0.47407407343749997 0.5574074078125 0.45648148125 0.55648148125 0.44259259218749997 0.5481481484375 0.4361111109375 0.5203703703125 0.4361111109375 0.5111111109375 0.44629629687500005 0.5111111109375 0.46481481406249997 0.5203703703125 0.478703703125 0.5333333328125 0.478703703125 0.5416666671875 0.47407407343749997
3 0.584259259375 0.48055555625 0.5935185187500001 0.47407407343749997 0.5981481484375 0.465740740625 0.5981481484375 0.44629629687500005 0.5870370375 0.43055555625 0.5740740734374999 0.4268518515625 0.5666666671875 0.42870370312499995 0.5588601859375 0.43770092656250004 0.559259259375 0.4620370375 0.5694444437499999 0.4768518515625 0.584259259375 0.48055555625
3 0.6101851859375 0.44351851875000003 0.6175925921875 0.42314814843750004 0.60648148125 0.40555555625000006 0.5953703703125 0.3990740734375 0.5870370375 0.3990740734375 0.5740740734374999 0.41203703750000004 0.575 0.4268518515625 0.5877851859375001 0.42951481406249997 0.6 0.447222221875 0.6101851859375 0.44351851875000003
3 0.6268518515625 0.4675925921875 0.6425925921875 0.46388888906250003 0.6509259265625 0.45370370312499997 0.647222221875 0.434259259375 0.6396333328125 0.42296574062500003 0.628172221875 0.42241944374999996 0.6210768515625 0.42460277812499997 0.6107074078125 0.4453416671875 0.6129629624999999 0.4574074078125 0.6268518515625 0.4675925921875
3 0.690740740625 0.4574074078125 0.690740740625 0.44351851875000003 0.6861111109375 0.43055555625 0.675 0.42129629687500003 0.6675925921875 0.4203703703125 0.6518518515625 0.43333333281249997 0.652777778125 0.4601851859375 0.66944444375 0.475 0.68148148125 0.4768518515625 0.690740740625 0.4574074078125
3 0.6675925921875 0.41851851875 0.665740740625 0.4046296296875 0.6546296296875 0.3916666671875 0.6333333328124999 0.3925925921875 0.6259259265625 0.4018518515625 0.6240740734375 0.41111111093749997 0.628703703125 0.4175925921875 0.65 0.43333333281249997 0.6675925921875 0.41851851875
3 0.7351851859375 0.497222221875 0.7388888890625 0.4879629625 0.7370370375 0.475 0.727777778125 0.465740740625 0.7129629625 0.465740740625 0.7040324078125 0.472084259375 0.695846296875 0.48299907343750004 0.6963925921875 0.49664351875 0.7034870375 0.5070129624999999 0.71713148125 0.5081046296875 0.7351851859375 0.497222221875
3 0.7546296296875 0.5305555562500001 0.759259259375 0.5175925921875 0.7583333328124999 0.50555555625 0.752777778125 0.49444444374999996 0.7388888890625 0.4879629625 0.7362324078125 0.499372221875 0.7203703703125 0.5074074078125 0.7203703703125 0.527777778125 0.7302296296875 0.5424870375 0.7455111109375 0.5430333328125 0.7546296296875 0.5305555562500001
3 0.77989351875 0.4742666671875 0.79351851875 0.4703703703125 0.7870370375 0.45 0.7820768515625 0.43988425937500003 0.76944444375 0.43055555625 0.7611111109375 0.4268518515625 0.75 0.427777778125 0.7370370375 0.4388888890625 0.741690740625 0.456802778125 0.7520601859375 0.46826388906250005 0.7667953703125 0.473721296875 0.77989351875 0.4742666671875
3 0.746296296875 0.43148148124999997 0.7482398140625001 0.4191453703125 0.74444444375 0.40648148125 0.73148148125 0.3953703703125 0.7203703703125 0.396296296875 0.7101851859375 0.4018518515625 0.703703703125 0.4148148140625 0.703703703125 0.427777778125 0.71713148125 0.43660925937500006 0.733503703125 0.43879259218750005 0.746296296875 0.43148148124999997
3 0.75 0.3703703703125 0.75555555625 0.3574074078125 0.7518518515625 0.34444444375 0.734259259375 0.3351851859375 0.7203703703125 0.33703703749999997 0.70555555625 0.3490740734375 0.707852778125 0.363477778125 0.7225888890625 0.37166388906250003 0.7389611109375 0.37548425937499996 0.75 0.3703703703125
3 0.78153055625 0.40550092656250003 0.7925925921875 0.403703703125 0.7968120375 0.3918574078125 0.79444444375 0.375 0.784259259375 0.365740740625 0.7740740734375 0.35925925937500003 0.7574074078125 0.3574074078125 0.7490740734375 0.372222221875 0.7481481484375 0.384259259375 0.7597009265625 0.395677778125 0.7700703703125 0.4033175921875 0.78153055625 0.40550092656250003
3 0.8423777781249999 0.4574074078125 0.8534888890625 0.45277777812500003 0.8655259265625 0.4296296296875 0.8608962968749999 0.40555555625000006 0.8479333328124999 0.397222221875 0.8377481484375 0.3981481484375 0.8247851859375 0.409259259375 0.8220074078125 0.4175925921875 0.8240999999999999 0.43606388906250004 0.830103703125 0.446978703125 0.83446944375 0.45461944374999996 0.8423777781249999 0.4574074078125
3 0.8972324078125 0.40168055625 0.9018518515625 0.394825 0.9032361109375 0.3869453703125 0.8981481484374999 0.3781583328125 0.8851851859375 0.3679731484375 0.859259259375 0.3651953703125 0.8444444437499999 0.37538055625 0.8444444437499999 0.391121296875 0.8579379625 0.40168055625 0.8797685187500001 0.40604722187500003 0.8972324078125 0.40168055625
3 0.95555555625 0.5620370375 0.9611111109375001 0.5574074078125 0.9675925921875 0.5481481484375 0.9703703703125001 0.5324074078125001 0.9601851859374999 0.5231481484375 0.94351851875 0.5231481484375 0.9259259265625 0.5314814812499999 0.9166666671874999 0.54444444375 0.915740740625 0.5518518515624999 0.922222221875 0.5620370375 0.9370370375 0.5666666671875 0.95555555625 0.5620370375
3 0.9305555562500001 0.31759259218749997 0.9370370375 0.3101851859375 0.9324074078125 0.2888888890625 0.9114222218749999 0.27942962968749996 0.901052778125 0.282159259375 0.8861111109375001 0.2925925921875 0.8895916671874999 0.3072638890625 0.9005074078125 0.3165416671875 0.9175925921875001 0.3203703703125 0.9305555562500001 0.31759259218749997
3 0.9572666671875 0.24068055625 0.9666666671874999 0.2398148140625 0.96981851875 0.226490740625 0.9694444437499999 0.21296296250000002 0.9601851859374999 0.2 0.9518083328125 0.1942916671875 0.9425925921875 0.19444444375 0.9337981484375 0.1970203703125 0.9259259265625 0.20555555625 0.9267037031250001 0.21830462968750003 0.9327074078125 0.2308574078125 0.9441675921874999 0.2379518515625 0.9572666671875 0.24068055625
3 0.89351851875 0.2629629625 0.8953703703125001 0.24814814843750002 0.8898148140625001 0.23055555625 0.877777778125 0.22314814843750003 0.8638888890624999 0.221296296875 0.853703703125 0.22407407343750002 0.8462962968750001 0.23148148124999998 0.8444444437499999 0.24444444375000002 0.851934259375 0.25487037031250004 0.8726731484375 0.2641490734375 0.89351851875 0.2629629625
3 0.7002120374999999 0.273972221875 0.7101851859375 0.2666666671875 0.7129629625 0.259259259375 0.7101851859375 0.246296296875 0.7007583328125 0.2384981484375 0.6879629625 0.2296296296875 0.6745620375 0.2319490734375 0.6666666671875 0.2416666671875 0.665740740625 0.24722222187499998 0.6772907406249999 0.26578611093750004 0.6843851859375001 0.2723351859375 0.7002120374999999 0.273972221875
3 0.9294324078124999 0.4655351859375 0.9327074078125 0.45079907343750003 0.9240740734375 0.4379629625 0.9046296296874999 0.4361111109375 0.896296296875 0.44629629687500005 0.8953703703125001 0.46388888906250003 0.9064814812499999 0.48055555625 0.9185175921875001 0.47808703750000003 0.9294324078124999 0.4655351859375
3 0.9129629625 0.534259259375 0.925 0.51851851875 0.9283407406249999 0.504284259375 0.9240740734375 0.490740740625 0.9166666671874999 0.48425925937500003 0.9046296296874999 0.48333333281249996 0.890740740625 0.49444444374999996 0.8888888890625 0.5120370375000001 0.8916666671875 0.5203703703125 0.8981481484374999 0.5305555562500001 0.9129629625 0.534259259375
3 0.8296296296874999 0.63148148125 0.83148148125 0.61944444375 0.8203703703125 0.6083333328125 0.8027777781250001 0.60555555625 0.7861111109375 0.6129629624999999 0.7901740734375 0.626646296875 0.7990481484374999 0.6342518515625 0.811725 0.6376324078125 0.8296296296874999 0.63148148125
3 0.8509259265625 0.672222221875 0.854402778125 0.664253703125 0.852777778125 0.6546296296875 0.8444444437499999 0.6453703703125 0.8265138890625 0.6410129625 0.8129629625 0.6481481484375 0.8120370375 0.659259259375 0.8193305562500001 0.669746296875 0.8408805562499999 0.6756620375 0.8509259265625 0.672222221875
3 0.6537037031249999 0.8768518515625001 0.6549138890624999 0.8650324078124999 0.6489111109375 0.8541175921875 0.6319925921875 0.8432018515624999 0.6210768515625 0.8432018515624999 0.6120370375 0.8518518515625001 0.6111111109375 0.8574074078124999 0.624897221875 0.8759481484375 0.6425925921875 0.8833333328125 0.6537037031249999 0.8768518515625001
3 0.609259259375 0.89444444375 0.6175925921875 0.88148148125 0.61851851875 0.872222221875 0.609259259375 0.8583333328125 0.5944444437499999 0.8574074078124999 0.5870370375 0.8638888890624999 0.5824074078125 0.875 0.5817824078125 0.8846796296875 0.5851851859375 0.89351851875 0.5990740734375 0.8990740734375 0.609259259375 0.89444444375