3 0.42990694375 0.40133645781249994 0.41805555625 0.371875 0.384722221875 0.365625 0.3625 0.36875 0.33888888906250003 0.38125 0.3291666671875 0.39895833281250004 0.33194444375 0.421875 0.35694444375 0.43958333281249995 0.40694444374999994 0.43541666718750005 0.42990694375 0.40133645781249994
3 0.3611111109375 0.5583333328125 0.3708333328125 0.5364583328125 0.372222221875 0.5114583328125 0.3458333328125 0.484375 0.33055555625 0.4791666671875 0.3018333328125 0.4894 0.284584721875 0.5052104171875 0.27638888906250003 0.51875 0.28055555625 0.5583333328125 0.3 0.5770833328125 0.3263888890625 0.578125 0.3611111109375 0.5583333328125
3 0.4513888890625 0.5020833328125 0.46799999999999997 0.4829645828125 0.45892916718750004 0.46391770781249997 0.43194444374999996 0.446875 0.40833333281249995 0.4375 0.36666666718749996 0.43958333281249995 0.35694444375 0.44375 0.3541666671875 0.45104166718750005 0.34861111093749997 0.48229166718750005 0.377777778125 0.5114583328125 0.427777778125 0.5145833328125 0.4513888890625 0.5020833328125
3 0.2049763890625 0.6353364578125 0.23055555625 0.628125 0.23472222187499997 0.6083333328125 0.23194444375 0.590625 0.21944444375 0.5708333328124999 0.184722221875 0.5541666671875001 0.165277778125 0.5541666671875001 0.1416666671875 0.5625 0.1291666671875 0.5770833328125 0.13055555624999998 0.6052083328125 0.14444444375 0.6197916671875 0.17958055625 0.6353364578125 0.2049763890625 0.6353364578125
3 0.23104305625000002 0.43544687499999996 0.24125555625 0.43262708281249995 0.25833333281250004 0.41979166718750005 0.25833333281250004 0.40208333281249997 0.2394416671875 0.386371875 0.21111111093749999 0.365625 0.18921666718750002 0.3652375 0.16944444375 0.3697916671875 0.1583333328125 0.384375 0.15555555625 0.40520833281249996 0.16944444375 0.42083333281249996 0.2071416671875 0.43395312500000005 0.23104305625000002 0.43544687499999996
3 0.6666666671875 0.3958333328125 0.6666666671875 0.3697916671875 0.6416666671875 0.353125 0.6203708328124999 0.34963958281249996 0.5944444437499999 0.353125 0.56805555625 0.36875 0.565277778125 0.3760416671875 0.565277778125 0.3927083328125 0.597222221875 0.409375 0.6333333328124999 0.4114583328125 0.6666666671875 0.3958333328125
3 0.777777778125 0.4114583328125 0.7958333328125 0.38229166718749996 0.79444444375 0.3645833328125 0.7791666671875 0.3489583328125 0.7583333328124999 0.3416666671875 0.727777778125 0.3395833328125 0.702777778125 0.35208333281250004 0.6986111109375 0.3635416671875 0.6986111109375 0.3885416671875 0.7180555562500001 0.40729166718750004 0.7388888890625 0.4135416671875 0.777777778125 0.4114583328125
3 0.8736111109375001 0.4375 0.8916666671875 0.425 0.89444444375 0.4166666671875 0.8888888890625 0.3958333328125 0.86944444375 0.38333333281250004 0.8388888890624999 0.3729166671875 0.8194444437499999 0.3729166671875 0.8027777781250001 0.378125 0.784722221875 0.403125 0.784722221875 0.415625 0.79305555625 0.4270833328125 0.8291666671875 0.4458333328125 0.8736111109375001 0.4375
3 0.55288055625 0.6381614578125 0.5653374999999999 0.6295375 0.5791666671875 0.6166666671875001 0.5763888890625 0.5854166671875001 0.5694444437499999 0.5697916671875001 0.5555555562500001 0.5572916671875 0.51944444375 0.5479166671875 0.4986111109375 0.5583333328125 0.4875 0.5708333328124999 0.48472222187499997 0.590625 0.4888888890625 0.6072916671875 0.51934444375 0.6367239578125 0.55288055625 0.6381614578125
3 0.6541666671875 0.6458333328125 0.6763888890625 0.6416666671875 0.6986111109375 0.6302083328125 0.7180555562500001 0.6010416671875001 0.7208333328125 0.5802083328125 0.702777778125 0.5541666671875001 0.68194444375 0.5479166671875 0.665277778125 0.5479166671875 0.6291666671875 0.5635416671875 0.6125 0.5916666671875 0.6111111109375 0.615625 0.61944444375 0.6270833328125 0.6263888890625 0.6416666671875 0.6541666671875 0.6458333328125
3 0.9333333328125001 0.6083333328125 0.94305555625 0.5947916671875 0.9416666671874999 0.5729166671875 0.9277777781250001 0.5541666671875001 0.9069444437499999 0.5385416671875001 0.8833333328125 0.5322916671875 0.85555555625 0.5322916671875 0.840277778125 0.5354166671875 0.8291666671875 0.5510416671875 0.8291666671875 0.571875 0.8375 0.5854166671875001 0.8797666671875 0.6122083328125 0.9333333328125001 0.6083333328125
3 0.377777778125 0.859375 0.3916666671875 0.8552083328125001 0.40833333281249995 0.8427083328125 0.42222222187499997 0.8177083328125001 0.4236111109375 0.7864583328125 0.40555555625000006 0.7708333328125 0.38194444375000003 0.7625 0.352777778125 0.7614583328125 0.3333333328125 0.76875 0.3125 0.790625 0.3138888890625 0.8239583328125001 0.3333333328125 0.8520833328125 0.3513888890625 0.859375 0.377777778125 0.859375
3 0.47361111093749997 0.8770833328125001 0.4861111109375 0.875 0.5138888890625 0.8552083328125001 0.525 0.8354166671875 0.5263888890625 0.8104166671874999 0.5208333328125 0.8020833328125001 0.5041666671875 0.7927083328125 0.4791666671875 0.7885416671875001 0.4486111109375 0.7947916671875 0.45 0.7979166671875 0.434722221875 0.8072916671874999 0.41805555625 0.8270833328125 0.40972222187499996 0.8510416671875 0.42222222187499997 0.8697916671874999 0.4361111109375 0.875 0.47361111093749997 0.8770833328125001
3 0.8185541671875001 0.8982906249999999 0.838627778125 0.9049822921875 0.85694444375 0.9072916671875 0.8736111109375001 0.903125 0.8861111109375001 0.8916666671875 0.8875 0.865625 0.8666666671875 0.8322916671874999 0.840277778125 0.8177083328125001 0.79848055625 0.8238510421875 0.7861111109375 0.846875 0.7888888890625 0.8635416671874999 0.8027777781250001 0.8885416671874999 0.8185541671875001 0.8982906249999999
3 0.147222221875 0.975 0.1458333328125 0.9625 0.13333333281249998 0.940625 0.115277778125 0.9260416671874999 0.090277778125 0.9177083328125001 0.072222221875 0.9197916671874999 0.05 0.93125 0.0388888890625 0.95 0.0375 0.9697916671875 0.0513888890625 0.9989583328125 0.13888888906250002 0.9989583328125 0.147222221875 0.975
3 0.7569444437499999 0.471875 0.7486111109375 0.4458333328125 0.7291666671875 0.43645833281249996 0.6891916671875 0.44078125 0.6713486109375 0.4591822921875 0.66805555625 0.478125 0.6888888890625 0.49895833281249996 0.70694444375 0.5052083328125 0.7416666671875001 0.49583333281249997 0.7569444437499999 0.471875
3 0.1055625 0.5415072921874999 0.12548055625 0.5467354171875 0.1541666671875 0.5385416671875001 0.16388888906250001 0.521875 0.16388888906250001 0.5041666671875 0.15 0.4875 0.12222222187500001 0.4770833328125 0.097222221875 0.478125 0.08194444375 0.48541666718750004 0.0791666671875 0.49583333281249997 0.0896291671875 0.524328125 0.090625 0.5377729171875 0.1055625 0.5415072921874999
3 0.8458333328125001 0.703125 0.8625 0.6927083328125 0.8666666671875 0.6645833328124999 0.8416666671874999 0.6385416671875 0.8159625 0.6374427078125 0.797675 0.6380958328124999 0.7763888890625 0.6427083328125 0.7666666671875 0.6666666671875 0.7671958328125 0.6890395828125 0.7959333328125 0.7066739578125001 0.8291666671875 0.7072916671875 0.8458333328125001 0.703125
3 0.2138888890625 0.8875 0.24451944375 0.8786041671874999 0.2611916671875 0.8652666671875 0.2656375 0.8502625 0.25833333281250004 0.828125 0.2486111109375 0.81875 0.19583333281249998 0.8177083328125001 0.177777778125 0.8322916671874999 0.165277778125 0.8520833328125 0.165277778125 0.871875 0.172222221875 0.88125 0.1875 0.8875 0.2138888890625 0.8875