2 0.1266666671875 0.7699680515625 0.1716666671875 0.6709265171875 0.15 0.6421725234375 0.13333333281249998 0.6421725234375 0.1116666671875 0.6869009578124999 0.0866666671875 0.693290734375 0.0816666671875 0.7252396171875 0.08333333281250001 0.7699680515625 0.0883333328125 0.7859424921875 0.10166666718749999 0.79233226875 0.1266666671875 0.7699680515625
2 0.06833333281250001 0.79552715625 0.065 0.782747603125 0.048333332812500004 0.776357828125 0.0016666671875 0.8210862625 0 0.8881789140624999 0.0333333328125 0.865814696875 0.05972166718750001 0.8386581468750001 0.06833333281250001 0.79552715625
2 0.0866666671875 0.923322684375 0.06999999999999999 0.926517571875 0.0516666671875 0.9552715656249999 0.0183333328125 0.9552715656249999 0.0016666671875 0.97124600625 0 0.9968051125 0.0866666671875 0.9968051125 0.093055 0.969115015625 0.0866666671875 0.923322684375
2 0.22000000000000003 0.8210862625 0.23500000000000001 0.7891373796875001 0.25166666718749997 0.7859424921875 0.2766666671875 0.722044728125 0.29 0.7060702875 0.2916666671875 0.664536740625 0.2216666671875 0.718849840625 0.20166666718749998 0.7667731625 0.1883333328125 0.7667731625 0.1266666671875 0.85303514375 0.1266666671875 0.865814696875 0.15 0.865814696875 0.1616666671875 0.8370607031249999 0.22000000000000003 0.8210862625
2 0.495 0.335463259375 0.44666666718750003 0.306709265625 0.43 0.32907348281250004 0.4183333328125 0.37699680468749996 0.42000000000000004 0.40575079843750006 0.4483333328125 0.4089456875 0.485 0.364217253125 0.495 0.335463259375
2 0.47000000000000003 0.4952076671875 0.4716666671875 0.4664536734375 0.44166666718750003 0.43769968125 0.4066666671875 0.49201277968749996 0.4066666671875 0.5207667734375 0.41333333281250006 0.5335463265625 0.4533333328125 0.5335463265625 0.47000000000000003 0.4952076671875
2 0.6116666671875 0.2396166140625 0.6516666671875 0.2140575078125 0.655 0.2012779546875 0.6416666671875 0.1789137375 0.6233333328125 0.1789137375 0.6 0.20766773125000001 0.5866666671874999 0.2012779546875 0.5616666671874999 0.21725239687500003 0.545 0.2460063890625 0.5433333328125001 0.29712459999999996 0.5650000000000001 0.3035143765625 0.585 0.29073482500000003 0.6116666671875 0.2396166140625
2 0.5236116671875 0.48455910468749996 0.5541666671875001 0.4952076671875 0.5652783328125001 0.44994568749999997 0.5875 0.4579329078125 0.6027783328125 0.425984025 0.6216666671875 0.42172523906250003 0.655 0.3738019171875 0.680555 0.3913738015625 0.693055 0.3594249203125 0.6983333328125 0.3194888171875 0.7033333328125 0.23642172499999997 0.656945 0.247603834375 0.6361116671875 0.2981884984375 0.6138883328125 0.30884025625 0.5783333328125 0.3194888171875 0.5633333328125001 0.3194888171875 0.5333333328125 0.3461118203125 0.5216666671875 0.3738019171875 0.495 0.4025559109375 0.4733333328125 0.41533546250000003 0.4733333328125 0.47284344999999994 0.49000000000000005 0.49840255625 0.506945 0.5165079875 0.5236116671875 0.48455910468749996
2 0.795 0.23003194843750002 0.8066666671875 0.2012779546875 0.805 0.1693290734375 0.7733333328125 0.14376996875 0.7633333328125 0.115015975 0.7466666671875 0.11821086249999999 0.7066666671874999 0.1693290734375 0.7033333328125 0.1853035140625 0.7116666671874999 0.20766773125000001 0.77 0.23642172499999997 0.795 0.23003194843750002
2 0.755 0.26198083125 0.7150000000000001 0.2587859421875 0.7016666671875 0.277955271875 0.7033333328125 0.3162939296875 0.74 0.32587859375 0.7516666671875 0.306709265625 0.755 0.26198083125
2 0.8133333328125 0.26837060625000003 0.8133333328125 0.2332268375 0.8033333328125 0.223642171875 0.765 0.2428115015625 0.7683333328125 0.28434504843749997 0.7816666671875 0.3003194890625 0.8033333328125 0.2939297125 0.8133333328125 0.26837060625000003
2 0.9266666671875001 0.1725239609375 0.9216666671875 0.1373801921875 0.9083333328125001 0.1246006390625 0.8633333328124999 0.1214057515625 0.8483333328124999 0.13418530312500002 0.8383333328125 0.162939296875 0.8400000000000001 0.20447284375 0.86 0.223642171875 0.9099999999999999 0.2108626203125 0.9266666671875001 0.1725239609375
2 0.9983333328124999 0.1565495203125 0.9983333328124999 0.06709265156250001 0.95 0.08945686875 0.9266666671875001 0.1246006390625 0.9349999999999999 0.1693290734375 0.9666666671874999 0.188498403125 0.985 0.15015974375000002 0.9983333328124999 0.1565495203125