1 0.6076388890625 0.2727864578125 0.6232638890625 0.2708333328125 0.6345486109375 0.2630208328125 0.6397569437499999 0.2506510421875 0.6397569437499999 0.240234375 0.6310763890625 0.2265625 0.6232638890625 0.22200520781250002 0.6119791671875 0.21809895781250002 0.5876736109375 0.21875 0.574652778125 0.22981770781250002 0.574652778125 0.24479166718749998 0.589409721875 0.2643229171875 0.5989583328125 0.2708333328125 0.6076388890625 0.2727864578125
1 0.5286458328125 0.3548177078125 0.5477430562500001 0.3372395828125 0.543402778125 0.318359375 0.5329861109375 0.3125 0.5234375 0.3125 0.5130208328125 0.3151041671875 0.504340278125 0.322265625 0.5026041671875 0.328125 0.5086805562500001 0.3450520828125 0.5234375 0.3548177078125 0.5286458328125 0.3548177078125
1 0.503472221875 0.28125 0.5381944437499999 0.2669270828125 0.5407986109375 0.259765625 0.5373263890625 0.251953125 0.5295138890625 0.24739583281250002 0.511284721875 0.24869791718749998 0.4904513890625 0.2578125 0.47222222187499996 0.2747395828125 0.4704861109375 0.2799479171875 0.47569444375 0.2884114578125 0.4861111109375 0.2936197921875 0.503472221875 0.28125
1 0.4670138890625 0.314453125 0.46961805625 0.3059895828125 0.4635416671875 0.3014322921875 0.4435763890625 0.3020833328125 0.42274305625 0.3255208328125 0.4244791671875 0.3411458328125 0.4314236109375 0.345703125 0.4401041671875 0.3463541671875 0.4670138890625 0.314453125
1 0.6467013890625 0.19140625 0.6666666671875 0.19140625 0.6744791671875 0.1875 0.6857638890625 0.189453125 0.6892361109375 0.185546875 0.6805555562500001 0.1731770828125 0.6796875 0.1666666671875 0.6649305562500001 0.1529947921875 0.6180555562500001 0.1569010421875 0.5946180562500001 0.1692708328125 0.598090278125 0.185546875 0.6145833328125 0.185546875 0.6223958328125 0.1888020828125 0.6467013890625 0.19140625
1 0.4036458328125 0.4225260421875 0.4001736109375 0.4212239578125 0.39409722187499996 0.423828125 0.39409722187499996 0.4348958328125 0.41840277812500004 0.4401041671875 0.42100694375 0.443359375 0.41753472187499996 0.4596354171875 0.4348958328125 0.4713541671875 0.46440972187499996 0.4700520828125 0.4739583328125 0.4720052078125 0.4895833328125 0.4615885421875 0.512152778125 0.4583333328125 0.5173611109375 0.451171875 0.5182291671875 0.4427083328125 0.5234375 0.439453125 0.5173611109375 0.392578125 0.5095486109375 0.3743489578125 0.5 0.3658854171875 0.5052083328125 0.357421875 0.49565972187499996 0.3528645828125 0.4861111109375 0.3528645828125 0.4557291671875 0.3600260421875 0.43836805625 0.3736979171875 0.43663194375 0.3880208328125 0.42274305625 0.4108072921875 0.41059027812500004 0.4147135421875 0.4036458328125 0.4225260421875
1 0.35243055624999997 0.4837239578125 0.3567708328125 0.4993489578125 0.34288194375000003 0.5130208328125 0.3298611109375 0.51953125 0.34288194375000003 0.53515625 0.33506944375000003 0.5651041671875 0.3411458328125 0.57421875 0.359375 0.5813802078125 0.3689236109375 0.591796875 0.37847222187499996 0.5950520828125 0.3880208328125 0.5944010421875 0.40190972187499996 0.5794270828125 0.4001736109375 0.5553385421875 0.40277777812500004 0.548828125 0.3984375 0.5455729171875 0.40190972187499996 0.5384114578125 0.4001736109375 0.5305989578125 0.40625 0.5162760421875 0.4192708328125 0.5071614578125 0.42881944375 0.4895833328125 0.42881944375 0.470703125 0.4192708328125 0.46484375 0.4166666671875 0.4596354171875 0.4192708328125 0.4427083328125 0.4114583328125 0.4407552078125 0.40625 0.4427083328125 0.3888888890625 0.4348958328125 0.3776041671875 0.43359375 0.3611111109375 0.4342447921875 0.3541666671875 0.44140625 0.3567708328125 0.455078125 0.34722222187499996 0.466796875 0.3454861109375 0.478515625 0.35243055624999997 0.4837239578125
1 0.4661458328125 0.5494791671875 0.47309027812500004 0.54296875 0.4861111109375 0.5384114578125 0.5 0.517578125 0.5069444437499999 0.5013020828125 0.5078125 0.4739583328125 0.5052083328125 0.4700520828125 0.48871527812500004 0.466796875 0.4609375 0.4869791671875 0.43836805625 0.4889322921875 0.42881944375 0.494140625 0.4201388890625 0.5091145828125 0.4157986109375 0.5325520828125 0.4244791671875 0.548828125 0.4435763890625 0.5559895828125 0.4661458328125 0.5494791671875
1 0.6163194437499999 0.4398873703125 0.6180555562500001 0.453125 0.6232638890625 0.4583333328125 0.6623263890625 0.4635416671875 0.6788194437499999 0.4602864578125 0.6892361109375 0.4524739578125 0.7048611109375 0.45703125 0.7100694437499999 0.443359375 0.7239583328125 0.4348958328125 0.7265625 0.4212239578125 0.7109375 0.4075520828125 0.7092013890625 0.3997395828125 0.6944444437499999 0.390625 0.6692708328125 0.3880208328125 0.6579861109375 0.4036458328125 0.625 0.4049479171875 0.6189236109375 0.4029947921875 0.6145833328125 0.4075520828125 0.6171875 0.4231770828125 0.6145833328125 0.4309895828125 0.609375 0.4348958328125 0.6163194437499999 0.4398873703125
1 0.5008680562500001 0.6399739578125 0.5130208328125 0.6471354171875 0.5182291671875 0.6458333328125 0.5286458328125 0.6497395828125 0.5338541671875 0.6588541671875 0.5555555562500001 0.6673177078125 0.5677083328125 0.6666666671875 0.5772569437499999 0.6595052078125 0.5946180562500001 0.654296875 0.6111111109375 0.6412760421875 0.6223958328125 0.6380208328125 0.6302083328125 0.638671875 0.6319444437499999 0.6321614578125 0.6467013890625 0.6276041671875 0.6553819437499999 0.6178385421875 0.6545138890625 0.6106770828125 0.6501736109375 0.607421875 0.6266901046875 0.59333203125 0.6070859375000001 0.5881145828125 0.601394965625 0.5800514328124999 0.590277778125 0.5709635421875 0.5876736109375 0.56640625 0.5564236109375 0.5677083328125 0.526909721875 0.5833333328125 0.5130208328125 0.5872395828125 0.5060763890625 0.595703125 0.4921875 0.5989583328125 0.4904513890625 0.611328125 0.5 0.6236979171875 0.49652777812500004 0.6276041671875 0.5008680562500001 0.6399739578125
1 0.6319444437499999 0.5592447921875 0.6336805562500001 0.5677083328125 0.6501736109375 0.5846354171875 0.6744791671875 0.5885416671875 0.6822916671875 0.5859375 0.6979166671875 0.5872395828125 0.71875 0.583984375 0.7239583328125 0.560546875 0.7196180562500001 0.5364583328125 0.722222221875 0.5286458328125 0.706597221875 0.5162760421875 0.7022569437499999 0.5065104171875 0.6814236109375 0.4908854171875 0.667534721875 0.4876302078125 0.6345486109375 0.4908854171875 0.6223958328125 0.501953125 0.598090278125 0.5071614578125 0.59375 0.513671875 0.5954861109375 0.533203125 0.659573784375 0.53309765625 0.67411805625 0.5430572921875 0.6319444437499999 0.5592447921875
1 0.9314236109375 0.3619791671875 0.9401041671874999 0.361328125 0.9522569437499999 0.35546875 0.9704861109375 0.3444010421875 0.9748263890625 0.3385416671875 0.9756944437499999 0.3248697921875 0.9713541671874999 0.3196614578125 0.9626736109375 0.31640625 0.926215278125 0.3190104171875 0.9123263890625 0.3248697921875 0.9123263890625 0.3385416671875 0.9166666671874999 0.3515625 0.9244791671874999 0.3548177078125 0.9314236109375 0.3619791671875
1 0.8967013890625 0.3131510421875 0.9001736109375 0.31640625 0.9123263890625 0.3190104171875 0.9270833328125001 0.3170572921875 0.9392361109375 0.3118489578125 0.9548611109375 0.298828125 0.9548611109375 0.287109375 0.9401041671874999 0.2786458328125 0.921875 0.2740885421875 0.9045138890625 0.2578125 0.8975694437499999 0.2591145828125 0.8914930562500001 0.26953125 0.8697916671874999 0.2760416671875 0.8680555562500001 0.2838541671875 0.875 0.2981770828125 0.8880208328125001 0.3125 0.8967013890625 0.3131510421875
1 0.9435763890625 0.2591145828125 0.957465278125 0.24739583281250002 0.9583333328125001 0.23828125 0.949652778125 0.23111979218749998 0.9166666671874999 0.22981770781250002 0.9036458328125001 0.23567708281250002 0.9001736109375 0.24283854218749998 0.9053819437499999 0.255859375 0.918402778125 0.2630208328125 0.9435763890625 0.2591145828125
1 0.8515625 0.220703125 0.8567708328125001 0.22721354218749998 0.8810763890625 0.228515625 0.887152778125 0.22265625 0.9114583328125001 0.22786458281250002 0.9435763890625 0.21354166718749998 0.9522569437499999 0.201171875 0.9522569437499999 0.1946614578125 0.9470486109375 0.1888020828125 0.9513888890625 0.181640625 0.9470486109375 0.17578125 0.9392361109375 0.1803385421875 0.933159721875 0.1796875 0.9192708328125001 0.1647135421875 0.9123263890625 0.1614583328125 0.894965278125 0.1634114578125 0.8880208328125001 0.1608072921875 0.8741319437499999 0.166015625 0.8758680562500001 0.193359375 0.8697916671874999 0.20182291718749998 0.8654513890625 0.21744791718749998 0.8515625 0.220703125
1 0.910590278125 0.1555989578125 0.9279513890625 0.1471354171875 0.9470486109375 0.1432291671875 0.973090278125 0.1484375 0.9782986109375 0.1484375 0.9861111109375 0.1438802078125 0.9939236109375 0.15234375 0.9991319437499999 0.1536458328125 0.9991319437499999 0.1419270828125 0.996527778125 0.1412760421875 0.9991319437499999 0.1217447921875 0.9913194437499999 0.1158854171875 0.9704861109375 0.1087239578125 0.9548611109375 0.107421875 0.9322916671874999 0.11328125 0.9123263890625 0.1145833328125 0.894097221875 0.1276041671875 0.8914930562500001 0.1458333328125 0.8958333328125001 0.1510416671875 0.9001736109375 0.1497395828125 0.910590278125 0.1555989578125
1 0.9045138890625 0.4798177078125 0.9149305562500001 0.4733072921875 0.918402778125 0.470703125 0.917534721875 0.4651692703125 0.9236111109375 0.4576822921875 0.9322916671874999 0.453125 0.9453125 0.4342447921875 0.9435763890625 0.408203125 0.9392361109375 0.4075520828125 0.9236111109375 0.4153645828125 0.9079861109375 0.4134114578125 0.8993055562500001 0.416015625 0.8854166671874999 0.431640625 0.8845486109375 0.4348958328125 0.8923611109375 0.4401041671875 0.8888888890625 0.4453125 0.8671875 0.4622395828125 0.8654513890625 0.4700520828125 0.8689236109375 0.4752604171875 0.8802083328125001 0.4739583328125 0.9045138890625 0.4798177078125
1 0.17013888906250002 0.9947916671874999 0.16753472187500001 0.9876302078125001 0.17361111093749998 0.9752604171874999 0.17274305625 0.9622395828125001 0.19097222187500001 0.9453125 0.19357638906250002 0.931640625 0.18923611093749998 0.923828125 0.18402777812499999 0.92578125 0.18142361093749998 0.9231770828125001 0.1692708328125 0.9225260421874999 0.16493055625 0.919921875 0.1536458328125 0.9212239578125001 0.14149305625 0.9186197921874999 0.13454861093749998 0.9205729171874999 0.1223958328125 0.9322916671874999 0.1067708328125 0.9368489578125001 0.10243055625 0.9407552078125001 0.09548611093750001 0.951171875 0.09635416718749999 0.9583333328125001 0.08506944375 0.9739583328125001 0.08767361093750001 0.98828125 0.08333333281250001 0.9993489578125001 0.16753472187500001 0.9993489578125001 0.17013888906250002 0.9947916671874999
1 0.40972222187499996 0.986328125 0.41319444375 0.9993489578125001 0.48090277812500004 0.9993489578125001 0.5008680562500001 0.9674479171874999 0.49913194375 0.9557291671874999 0.4748263890625 0.9453125 0.46180555625 0.927734375 0.4550807296875 0.921755859375 0.46841406250000006 0.912625 0.467254340625 0.9008854171875 0.44812413125 0.9056686203125001 0.43594965312499995 0.9169726562499999 0.418558159375 0.91827734375 0.40696354218749997 0.9243645828125 0.41840277812500004 0.9375 0.3984375 0.9544270828125001 0.3984375 0.9661458328125001 0.40538194375 0.9680989578125001 0.4123263890625 0.974609375 0.40972222187499996 0.986328125
1 0.31163194375000003 0.08854166718749999 0.32378472187499996 0.091796875 0.3359375 0.083984375 0.34288194375000003 0.07291666718749999 0.3420138890625 0.06770833281250001 0.3298611109375 0.06184895781250001 0.3220486109375 0.06184895781250001 0.3107638890625 0.0703125 0.2873263890625 0.07486979218749999 0.2786458328125 0.07356770781250001 0.25347222187499996 0.09114583281250001 0.2552083328125 0.1028645828125 0.25868055624999997 0.099609375 0.27430555624999997 0.1009114578125 0.31163194375000003 0.08854166718749999