3 0.452431159375 0.45600546406250003 0.4492753625 0.42076502656250003 0.4311594203125 0.40437158437500004 0.40942029062499996 0.415300546875 0.40579710156250004 0.45901639375 0.4151847828125 0.48078688593749996 0.4425724640625 0.48078688593749996 0.452431159375 0.45600546406250003
3 0.565217390625 0.316939890625 0.5797101453125 0.31147540937499996 0.590579709375 0.2896174859375 0.590579709375 0.27322404375 0.586956521875 0.26229508125 0.57608695625 0.2513661203125 0.5615942031250001 0.2513661203125 0.5543478265624999 0.25683060156250004 0.54710145 0.2677595625 0.54710145 0.3005464484375 0.5543478265624999 0.31147540937499996 0.565217390625 0.316939890625
3 0.3840579703125 0.8743169406250001 0.3913043484375 0.868852459375 0.4021739125 0.8469945359375 0.4021739125 0.8360655734375 0.3913043484375 0.81420765 0.37318840625 0.81420765 0.362318840625 0.8306010921875 0.3586956515625 0.8469945359375 0.362318840625 0.863387978125 0.3695652171875 0.8743169406250001 0.3840579703125 0.8743169406250001
3 0.3840579703125 0.9398907109374999 0.3949275359375 0.9398907109374999 0.4021739125 0.9344262296875 0.40942029062499996 0.9125683062500001 0.40942029062499996 0.8961748640625 0.40579710156250004 0.8852459015624999 0.398550725 0.8743169406250001 0.3913043484375 0.8743169406250001 0.37681159375 0.8852459015624999 0.37318840625 0.8961748640625 0.37318840625 0.9234972671874999 0.37681159375 0.9344262296875 0.3840579703125 0.9398907109374999
3 0.4420289859375 0.8797814203125001 0.4420289859375 0.857923496875 0.4311594203125 0.8360655734375 0.413043478125 0.8360655734375 0.40579710156250004 0.8469945359375 0.4021739125 0.868852459375 0.4166666671875 0.8961748640625 0.42753623125000006 0.8961748640625 0.4420289859375 0.8797814203125001
3 0.601449275 0.9125683062500001 0.6086956515625 0.9071038250000001 0.612318840625 0.8961748640625 0.612318840625 0.8743169406250001 0.6050724640625 0.857923496875 0.5978260875 0.8524590156249999 0.57608695625 0.8524590156249999 0.5688405796875 0.863387978125 0.565217390625 0.8797814203125001 0.5688405796875 0.8961748640625 0.5797101453125 0.9125683062500001 0.601449275 0.9125683062500001
3 0.5978260875 0.6557377046874999 0.6086956515625 0.6502732234375 0.612318840625 0.6393442625 0.612318840625 0.6229508203125 0.6159420296875 0.6174863390625001 0.6050724640625 0.595628415625 0.5833333328125 0.595628415625 0.57608695625 0.6065573765625001 0.5724637687499999 0.6174863390625001 0.5724637687499999 0.6502732234375 0.5833333328125 0.6557377046874999 0.5978260875 0.6557377046874999
3 0.6340579703125 0.322404371875 0.6413043484375 0.32786885312499997 0.6557971015625 0.322404371875 0.663043478125 0.3060109296875 0.663043478125 0.27322404375 0.6557971015625 0.26229508125 0.6268115937500001 0.26229508125 0.6268115937500001 0.2677595625 0.6195652171875 0.278688525 0.6195652171875 0.3005464484375 0.6340579703125 0.322404371875
3 0.8007246374999999 0.34426229531249997 0.8115942031250001 0.32786885312499997 0.8115942031250001 0.2896174859375 0.8043478265624999 0.278688525 0.8043478265624999 0.27322404375 0.789855071875 0.2677595625 0.7717391296875 0.2896174859375 0.7681159421875 0.3060109296875 0.77536231875 0.3333333328125 0.7826086953125 0.34426229531249997 0.8007246374999999 0.34426229531249997
3 0.648550725 0.535519125 0.6557971015625 0.535519125 0.6811594203125 0.5136612015625001 0.684782609375 0.48633879843749994 0.6775362312500001 0.4699453546875 0.6702898546875 0.464480875 0.659420290625 0.464480875 0.6449275359375 0.47540983593749997 0.6449275359375 0.4808743171875 0.637681159375 0.491803278125 0.637681159375 0.5191256828124999 0.648550725 0.535519125
3 0.1992753625 0.961748634375 0.21376811562500003 0.961748634375 0.22396014531250003 0.9538907109375 0.22826087031250003 0.9289617484375 0.22463768125 0.9125683062500001 0.2210144921875 0.9071038250000001 0.19565217343750002 0.90163934375 0.184782609375 0.9180327875 0.184782609375 0.9453551906250001 0.188405796875 0.9562841531249999 0.1992753625 0.961748634375