3 0.314130434375 0.185446009375 0.32391304375 0.1431924875 0.32391304375 0.103286384375 0.314130434375 0.103286384375 0.2945652171875 0.1244131453125 0.2413043484375 0.21126760625 0.2021739125 0.3239436625 0.190217390625 0.40375586874999997 0.189130434375 0.4389671359375 0.2184782609375 0.40610328593749995 0.27608695625 0.298122065625 0.314130434375 0.185446009375
3 0.23913043437499998 0.8521126765625 0.2782608703125 0.7370892015625 0.285869565625 0.6924882625000001 0.2913043484375 0.603286384375 0.24891304375 0.6760563375 0.210869565625 0.7605633796875 0.190217390625 0.8450704218749999 0.17934782656249998 0.913145540625 0.17826087031249999 0.9389671359375 0.184782609375 0.9413145546875 0.20869565156249997 0.913145540625 0.23913043437499998 0.8521126765625
3 0.1315217390625 0.37323943593750003 0.1532608703125 0.3990610328125 0.16521739062500002 0.3990610328125 0.16521739062500002 0.38262910781250004 0.1032608703125 0.1760563375 0.0782608703125 0.042253521875 0.0673913046875 0.030516431249999997 0.063043478125 0.056338028124999995 0.061956521875000004 0.0938967140625 0.06847826093750001 0.1643192484375 0.090217390625 0.27230046875 0.1315217390625 0.37323943593750003
3 0.1282608703125 0.7065727703125 0.1532608703125 0.715962440625 0.1576086953125 0.7253521125 0.1282608703125 0.6314553984375 0.0695652171875 0.4882629109375 0.032608695312500005 0.413145540625 0.020652173437499997 0.3990610328125 0.009782609375 0.3990610328125 0.013043478124999999 0.4483568078125 0.047826087499999996 0.5586854453125001 0.1043478265625 0.6760563375 0.1282608703125 0.7065727703125
3 0.659782609375 0.3685446015625 0.6554347828125 0.3497652578125 0.5967391296875 0.3356807515625 0.54891304375 0.3568075125 0.5054347828125 0.410798121875 0.5413043484375 0.41549295781250006 0.5956521734375 0.40610328593749995 0.6576086953125 0.38262910781250004 0.659782609375 0.3685446015625
3 0.47065217343750004 0.4248826296875 0.45978260937500004 0.380281690625 0.42391304375 0.3169014078125 0.3815217390625 0.27230046875 0.34891304375 0.2746478875 0.35108695624999997 0.3028169015625 0.3706521734375 0.34741784062500003 0.4336956515625 0.410798121875 0.47065217343750004 0.4248826296875
3 0.4956521734375 0.83802816875 0.48260869531250006 0.8098591546874999 0.435869565625 0.7934272296875 0.39673912968749997 0.7910798125 0.359782609375 0.8098591546874999 0.3923913046875 0.8450704218749999 0.42065217343750005 0.8615023468749999 0.47391304375 0.8615023468749999 0.4956521734375 0.83802816875
3 0.5565217390625 0.7863849765625 0.5565217390625 0.7441314546875 0.5521739125 0.7300469484375001 0.538043478125 0.7394366203125 0.5217391296875 0.7769953046875 0.509782609375 0.8239436625 0.49891304375 0.9178403749999999 0.50108695625 0.983568075 0.5282608703125 0.92018779375 0.5456521734375 0.8568075125 0.5565217390625 0.7863849765625
3 0.6043478265625 0.549295775 0.6173913046874999 0.5234741781250001 0.6228260875 0.490610328125 0.6086956515625 0.48591549218749996 0.586956521875 0.5 0.5836956515625 0.4812206578125 0.5913043484375 0.460093896875 0.5923913046875 0.4389671359375 0.5771739124999999 0.43427230000000006 0.563043478125 0.443661971875 0.5413043484375 0.476525821875 0.5206521734375 0.5234741781250001 0.5032608703125 0.589201878125 0.5043478265625 0.6338028171875 0.5173913046874999 0.6338028171875 0.54891304375 0.61267605625 0.6043478265625 0.549295775
3 0.45760869531250004 0.028169014062499997 0.41739130468749996 0.025821596875000002 0.4467391296875 0.103286384375 0.475 0.1431924875 0.475 0.082159625 0.45760869531250004 0.028169014062499997
3 0.8304347828124999 0.5915492953125 0.8326086953124999 0.5375586859375 0.8288478265625001 0.49014084531249996 0.7964249999999999 0.44166431875 0.7684782609374999 0.4483568078125 0.7706521734375 0.483568075 0.7913043484375 0.5469483562499999 0.8076086953124999 0.572769953125 0.8304347828124999 0.5915492953125
3 0.8195652171875001 0.7300469484375001 0.7945652171875001 0.6807511734375 0.77391304375 0.671361503125 0.75 0.6760563375 0.739130434375 0.6901408453125 0.7434782609374999 0.715962440625 0.7706521734375 0.7464788734375001 0.8315217390624999 0.7863849765625 0.8195652171875001 0.7300469484375001
1 0.5152173906249999 0.2957746484375 0.510869565625 0.2746478875 0.4913043484375 0.248826290625 0.485869565625 0.248826290625 0.48369565156250005 0.2605633796875 0.48369565156250005 0.298122065625 0.4923913046875 0.32159624375 0.5086956515625001 0.3262910796875 0.5152173906249999 0.2957746484375
1 0.8826086953125 0.6596244125 0.8608695656249999 0.62910798125 0.8445652171875 0.6314553984375 0.8326086953124999 0.6666666671875 0.8336956515624999 0.7253521125 0.8619565218749999 0.7370892015625 0.8826086953125 0.7112676062500001 0.8826086953125 0.6596244125