3 0.6270833328125 0.71953125 0.640625 0.70078125 0.64375 0.6765625 0.6385416671875 0.65703125 0.6213541671875 0.641796875 0.6166666671875001 0.625 0.6114583328125 0.621875 0.6041666671875 0.63203125 0.5802083328125 0.640625 0.5697916671875001 0.64765625 0.559375 0.65703125 0.5479166671875 0.6796875 0.55625 0.71328125 0.5802083328125 0.7359375 0.6145833328125 0.728125 0.6270833328125 0.71953125
3 0.225 0.93671875 0.2552083328125 0.91171875 0.2520833328125 0.909375 0.23125 0.909375 0.159375 0.9234375 0.0625 0.95859375 0.014583332812499999 0.98515625 0.014583332812499999 0.99921875 0.1270833328125 0.98984375 0.171875 0.96796875 0.225 0.93671875
3 0.425 0.84609375 0.45104166718750005 0.8375 0.53125 0.79453125 0.5625 0.76328125 0.5739583328125 0.74765625 0.5760416671875 0.73828125 0.55625 0.740625 0.5125 0.75703125 0.38229166718749996 0.82734375 0.36770833281250004 0.8421875 0.35625 0.8453125 0.3604166671875 0.853125 0.425 0.84609375
3 0.3427083328125 0.89921875 0.3489583328125 0.9015625 0.365625 0.90078125 0.390625 0.89296875 0.40833333281249995 0.8828125 0.48020833281249997 0.865625 0.49583333281249997 0.86484375 0.5364583328125 0.85 0.5802083328125 0.8265625 0.584375 0.81875 0.5541666671875001 0.81171875 0.5010416671875 0.8171875 0.43125 0.84453125 0.3802083328125 0.8515625 0.35625 0.85859375 0.3385416671875 0.86875 0.3375 0.878125 0.3270833328125 0.88359375 0.3270833328125 0.8890625 0.321875 0.8921875 0.3395833328125 0.89140625 0.3427083328125 0.89921875
3 0 0.68828125 0.103125 0.7 0.1854166671875 0.69921875 0.2760416671875 0.69140625 0.31979166718749996 0.6828125 0.3114583328125 0.67578125 0.271875 0.665625 0.203125 0.65859375 0.003125 0.65859375 0 0.659375 0 0.68828125
3 0.6 0.56171875 0.6229166671875 0.55234375 0.6395833328125 0.53984375 0.6635416671875001 0.5296875 0.725 0.49140625 0.7489583328125 0.4734375 0.76875 0.43125 0.765625 0.428125 0.765625 0.40703125 0.75625 0.3921875 0.73125 0.39140625 0.7125 0.39453125 0.6895833328125 0.40546875 0.6791666671875001 0.40703125 0.665625 0.415625 0.6552083328125 0.4296875 0.6385416671875 0.43984375 0.6104166671875 0.4703125 0.5583333328125 0.534375 0.5385416671875001 0.56953125 0.5375 0.57734375 0.5416666671875 0.58046875 0.5572916671875 0.571875 0.6 0.56171875
3 0.6833333328125 0.39921875 0.7041666671875 0.39140625 0.7260416671875001 0.3734375 0.7666666671875 0.34921875 0.8052083328125 0.3 0.8135416671875 0.2828125 0.8010416671874999 0.2828125 0.75 0.296875 0.6854166671875 0.325 0.6552083328125 0.35 0.6239583328125 0.3890625 0.621875 0.39765625 0.6375 0.4125 0.6666666671875 0.4 0.6833333328125 0.39921875
3 0.5322916671875 0.51484375 0.546875 0.51328125 0.5666666671875 0.471875 0.575 0.46640625 0.5739583328125 0.45078125 0.5864583328124999 0.43515625 0.5916666671875 0.4359375 0.5885416671875 0.4296875 0.590625 0.42265625 0.603125 0.4015625 0.609375 0.4 0.6104166671875 0.384375 0.6375 0.33984375 0.6427083328125 0.3265625 0.6427083328125 0.315625 0.6375 0.31015625 0.6260416671875 0.3109375 0.6072916671875 0.31796875 0.5729166671875 0.353125 0.5614583328125 0.3734375 0.5447916671875 0.43125 0.5239583328124999 0.46484375 0.51875 0.4859375 0.5072916671875001 0.4953125 0.503125 0.5046875 0.5020833328125 0.51328125 0.5052083328125 0.5140625 0.528125 0.509375 0.5322916671875 0.51484375
3 0.2062916671875 0.5286234375000001 0.2 0.53984375 0.2510416671875 0.5515625 0.325 0.56015625 0.425 0.559375 0.43333333281249997 0.553125 0.41875 0.54609375 0.365625 0.5359375 0.3479166671875 0.5296875 0.2364583328125 0.509375 0.1510416671875 0.5046875 0.11852708281249999 0.51165859375 0.1520833328125 0.5203125 0.19272083281250002 0.5225164062500001 0.2062916671875 0.5286234375000001
3 0 0.59140625 0.115625 0.5734375 0.1885416671875 0.5453125 0.20208333281250002 0.5375 0.20416666718749998 0.5328125 0.2010416671875 0.5265625 0.1927083328125 0.5234375 0.1510416671875 0.521875 0.0260416671875 0.55234375 0 0.56015625 0 0.59140625
3 0.2822916671875 0.49609375 0.3729166671875 0.49609375 0.43125 0.48125 0.45208333281249996 0.47109375 0.4604166671875 0.46171875 0.4447916671875 0.46015625 0.3604166671875 0.475 0.1895833328125 0.484375 0.1854166671875 0.4859375 0.1885416671875 0.49296875 0.23541666718749998 0.49140625 0.2822916671875 0.49609375
3 0.425 0.29140625 0.43854166718750004 0.28671875 0.46770833281249996 0.28125 0.5010416671875 0.275 0.5927083328125 0.2421875 0.6447916671875 0.2109375 0.65625 0.20078125 0.6625 0.1890625 0.6447916671875 0.18984375 0.528125 0.23671875 0.5010416671875 0.2453125 0.44895833281249997 0.2609375 0.4 0.27265625 0.3885416671875 0.2796875 0.36770833281250004 0.27890625 0.35 0.28203125 0.3447916671875 0.28828125 0.3595395828125 0.29180937500000004 0.4 0.29296875 0.425 0.29140625
3 0.059375 0.41015625 0.08541666718749999 0.428125 0.0895833328125 0.4359375 0.10625 0.44296875 0.109375 0.43515625 0.0895833328125 0.40234375 0.0666666671875 0.32734375 0.0635416671875 0.303125 0.051041667187499994 0.2640625 0.0416666671875 0.24921875 0.0322916671875 0.25390625 0.028125 0.26015625 0.015625 0.29140625 0.0166666671875 0.3234375 0.0354166671875 0.3703125 0.058333332812500006 0.4 0.059375 0.41015625
3 0.95 0.33125 0.9479166671874999 0.3453125 0.9552083328125001 0.34921875 0.9645833328125001 0.34296875 0.975 0.32890625 0.9989583328125 0.275 0.9989583328125 0.1265625 0.9895833328125001 0.11015625 0.9729166671874999 0.1125 0.9510416671874999 0.1296875 0.9239583328125001 0.16640625 0.9166666671874999 0.20078125 0.91875 0.2515625 0.9270833328125001 0.28359375 0.946875 0.31796875 0.95 0.33125