3 0.8233215546875 0.46892655312500003 0.8233215546875 0.40677966093749995 0.790233215625 0.3646610171875 0.7677491171875 0.35438983125 0.7455830390625 0.384180790625 0.7385159015625 0.44632768437500003 0.7526501765625 0.48587570625 0.7950530031249999 0.49152542343750005 0.8233215546875 0.46892655312500003
3 0.212014134375 0.7231638421875 0.212014134375 0.6666666671875 0.197879859375 0.644067796875 0.1590106 0.6327683609375 0.12720848125 0.672316384375 0.12367491093750001 0.7344632765625 0.144876325 0.76836158125 0.17667844531250002 0.7740113 0.212014134375 0.7231638421875
3 0.31127561875 0.539802259375 0.3067773859375 0.4827966109375 0.28750529999999996 0.4519774015625 0.25827208437500004 0.455056496875 0.23707067187500003 0.4776553671875 0.24413780937500001 0.545451978125 0.26533922187500003 0.5793502828125 0.3006749109375 0.585 0.31127561875 0.539802259375
3 0.31095406406250004 0.6779661015625 0.316413428125 0.63687570625 0.30742049531250004 0.59887005625 0.2614840984375 0.5932203390625 0.229681978125 0.6327683609375 0.23321554843749998 0.7118644062499999 0.26180565312500004 0.7190564968750001 0.28621908125 0.717514125 0.31095406406250004 0.6779661015625
3 0.371024734375 0.8022598875 0.3851590109375 0.76836158125 0.3851590109375 0.6892655375000001 0.346289753125 0.6666666671875 0.3215547703125 0.700564971875 0.316413428125 0.7524406781249999 0.3250883390625 0.79661016875 0.3517491171875 0.814073446875 0.371024734375 0.8022598875
3 0.4734982328125 0.5932203390625 0.4805653703125 0.531073446875 0.4699646640625 0.48587570625 0.4204947 0.474576271875 0.3922261484375 0.531073446875 0.3922261484375 0.5932203390625 0.4134275625 0.62711864375 0.4487632515625 0.62711864375 0.4734982328125 0.5932203390625
3 0.6183745578125001 0.525423728125 0.58303886875 0.4519774015625 0.5477031796875 0.44632768437500003 0.5229681984375001 0.474576271875 0.5194346296875 0.5084745765625 0.5547703187499999 0.5762711859375 0.5901060078125 0.57062146875 0.6183745578125001 0.525423728125
3 0.54609540625 0.6471468921875 0.5512367484375 0.6045197734375 0.5371024734375001 0.54237288125 0.508833921875 0.525423728125 0.4805653703125 0.5480225984375 0.480243815625 0.600926553125 0.4850636046875 0.634310734375 0.512367490625 0.662559321875 0.54609540625 0.6471468921875
3 0.71024735 0.757062146875 0.7067137812500001 0.7062146890625 0.6925795046875 0.6779661015625 0.66174205 0.6599887 0.6376501765625 0.695943503125 0.643109540625 0.7627118640624999 0.6749116609375 0.8022598875 0.6925795046875 0.79661016875 0.71024735 0.757062146875
3 0.650176678125 0.6666666671875 0.639575971875 0.5819209046875 0.6042402828125 0.5762711859375 0.5795053 0.6101694921874999 0.56890459375 0.6610169484374999 0.5936395765625 0.7062146890625 0.6219081265625 0.7062146890625 0.650176678125 0.6666666671875
3 0.47703180156249997 0.79661016875 0.4930918734375 0.785824859375 0.498233215625 0.7514124296875 0.5027314484375001 0.7318926546875 0.491166078125 0.6892655375000001 0.47060777343750004 0.6728305078125 0.4487632515625 0.672316384375 0.43462897500000003 0.6949152546875 0.42884805625 0.7395988703125 0.43816254375 0.785310734375 0.457756184375 0.7986666671875 0.47703180156249997 0.79661016875